ibin=0 selected_size=0 iterators: 0 0
248.513 43.8756   397.953 41.9537   102.541 4.8144 3219.59   111.304 121.543   -76.1464 10.3359 493.729 aa 30  -inf  -inf  -inf bb 50  inf  inf  inf
249.424 43.92   455.431 48.0969   127.201 -10.49 4123.74   127.123 139.875   -24.7071 12.3602 1167.65 aa 30  -inf  -inf  -inf bb 50  inf  inf  inf
ibin=1 selected_size=2 iterators: 0 2
249.98 43.2112   450.066 59.586   129.477 -11.331 5206.29   124.284 138.811   -7.07969 13.4833 3120.82 aa 50  8.04746  -205.865  -1044.59 bb 70  16.5626  -88.0484  4823.42
249.08 42.7507   361.521 61.4161   104.399 -4.575 6533.97   99.4111 110.01   -6.23672 13.5723 3493.5 aa 50  8.04746  -205.865  -1044.59 bb 70  16.5626  -88.0484  4823.42
250.442 42.7667   465.243 67.1487   137.497 -6.254 5403.05   127.682 144.158   -4.50505 13.785 4734.34 aa 50  8.04746  -205.865  -1044.59 bb 70  16.5626  -88.0484  4823.42
249.958 42.6372   423.059 67.1947   122.927 12.084 6507.64   116.019 130.145   -4.49486 13.7864 4744.63 aa 50  8.04746  -205.865  -1044.59 bb 70  16.5626  -88.0484  4823.42
ibin=2 selected_size=2 iterators: 2 6
250.643 42.1012   462.647 76.5317   141.743 -6.64799 7673.22   126.094 143.297   -3.11932 14.0021 6898.52 aa 70  -259.117  -278.779  -10914.5 bb 90  373.461  33.1501  8584.82
249.964 41.9243   403.948 77.8852   118.186 7.146 7954.53   110.054 123.875   -2.99244 14.0252 7213.5 aa 70  -259.117  -278.779  -10914.5 bb 90  373.461  33.1501  8584.82
245.835 41.3602   54.3271 77.9491   284.011 7.3798 45.0434   14.8217 15.9493   -2.98645 14.0262 7228.37 aa 70  -259.117  -278.779  -10914.5 bb 90  373.461  33.1501  8584.82
249.334 41.4729   346.654 84.7198   102.306 -7.314 9823.54   94.4461 104.849   -2.51893 14.1182 8765.05 aa 70  -259.117  -278.779  -10914.5 bb 90  373.461  33.1501  8584.82
250.843 41.5047   472.717 84.8387   146.857 -3.34801 6143.84   128.698 146.015   -2.51257 14.1195 8791.12 aa 70  -259.117  -278.779  -10914.5 bb 90  373.461  33.1501  8584.82
249.933 41.4272   396.521 85.7518   115.441 5.335 9258.77   107.992 121.029   -2.46373 14.1297 8991.33 aa 70  -259.117  -278.779  -10914.5 bb 90  373.461  33.1501  8584.82
ibin=3 selected_size=6 iterators: 6 12
250.327 40.9763   431.676 92.5069   134.972 -13.41 10179   117.955 132.138   -2.18482 14.1914 10375.6 aa 90  1.24165  -201.284  -2317.64 bb 110  32.7112  -85.9912  1003.34
250.823 40.8936   474.205 93.0823   149.211 -1.77499 10591.3   129.724 145.978   -2.16635 14.1956 10484.3 aa 90  1.24165  -201.284  -2317.64 bb 110  32.7112  -85.9912  1003.34
249.167 40.9425   335.083 94.747   101 -9.49 10182.8   91.4406 100.678   -2.11579 14.2074 10791.1 aa 90  1.24165  -201.284  -2317.64 bb 110  32.7112  -85.9912  1003.34
250.876 40.2982   490.802 100.729   155.978 3.92799 10557.3   134.916 151.371   -1.97321 14.2418 11767.8 aa 90  1.24165  -201.284  -2317.64 bb 110  32.7112  -85.9912  1003.34
249.992 40.2655   419.354 103.724   129.292 13.804 10868.6   115.19 127.972   -1.92064 14.2549 12175.5 aa 90  1.24165  -201.284  -2317.64 bb 110  32.7112  -85.9912  1003.34
249.262 40.1948   362.931 107.723   107.852 -2.096 11893.5   99.4504 109.291   -1.86727 14.2684 12621.1 aa 90  1.24165  -201.284  -2317.64 bb 110  32.7112  -85.9912  1003.34
ibin=4 selected_size=6 iterators: 12 18
248.498 40.2067   302.124 111.735   93.5977 10.683 12129.8   82.4705 89.9057   -1.83033 14.2779 12949.4 aa 110  1.99638  -211.967  -2577.94 bb 130  22.4027  -44.2753  1162.21
249.26 39.473   397.789 118.642   118.236 6.464 13308.6   109.407 120.557   -1.80168 14.2854 13216.6 aa 110  1.99638  -211.967  -2577.94 bb 130  22.4027  -44.2753  1162.21
249.867 39.1025   463.987 119.609   142.463 -5.783 11800.6   127.701 141.882   -1.80084 14.2856 13224.4 aa 110  1.99638  -211.967  -2577.94 bb 130  22.4027  -44.2753  1162.21
248.828 38.9176   404.135 128.929   118.418 7.693 12221.6   111.607 122.071   -1.83562 14.2766 12901.6 aa 110  1.99638  -211.967  -2577.94 bb 130  22.4027  -44.2753  1162.21
ibin=5 selected_size=6 iterators: 18 22
247.721 39.5708   284.52 130.473   89.1374 5.1666 9935   77.941 84.2227   -1.84884 14.2731 12783 aa 130  -1.13327  -222.821  -6957.28 bb 150  21.8321  -55.0844  7780.44
249.289 38.4187   471.082 130.764   143.669 -4.062 11506.5   130.373 143.562   -1.85172 14.2724 12757.5 aa 130  -1.13327  -222.821  -6957.28 bb 150  21.8321  -55.0844  7780.44
248.517 38.2843   435.727 138.285   128.312 -13.898 12155.8   120.855 132.274   -1.95446 14.2464 11909.6 aa 130  -1.13327  -222.821  -6957.28 bb 150  21.8321  -55.0844  7780.44
247.621 38.9995   324.899 139.847   96.2082 -14.1344 11877   89.358 96.9099   -1.98416 14.2391 11685.2 aa 130  -1.13327  -222.821  -6957.28 bb 150  21.8321  -55.0844  7780.44
248.404 37.7222   479.755 143.967   142.636 -1.918 12941.6   133.207 146.714   -2.07956 14.216 11020.6 aa 130  -1.13327  -222.821  -6957.28 bb 150  21.8321  -55.0844  7780.44
247.723 38.2108   401.691 146.667   112.96 5.7482 14741   110.969 121.492   -2.15831 14.1975 10531.6 aa 130  -1.13327  -222.821  -6957.28 bb 150  21.8321  -55.0844  7780.44
ibin=6 selected_size=6 iterators: 22 28
247.637 37.6761   449.729 151.475   134.267 -10.879 10338   124.237 136.816   -2.33483 14.1576 9580.21 aa 150  -inf  -inf  -inf bb 170  inf  inf  inf
246.832 37.7601   413.125 159.654   109.009 7.3763 7866.72   113.145 124.231   -2.79575 14.0624 7781.15 aa 150  -inf  -inf  -inf bb 170  inf  inf  inf
ibin=7 selected_size=8 iterators: 28 30
246.093 37.0195   477.053 170.421   154.545 -3.807 3719.61   130.162 143.199   -4.0275 13.8536 5285.12 aa 170  -inf  -inf  inf bb 190  inf  inf  -inf
245.285 36.7256   503.442 179.137   190.232 3.324 2226.13   136.849 150.711   -6.47525 13.5464 3379.96 aa 170  -inf  -inf  inf bb 190  inf  inf  -inf
ibin=8 selected_size=8 iterators: 30 32
241.92 39.6946   327.946 239.016   104.412 -11.4526 3466.79   89.3314 97.8647   7.39881 -13.452 3008.34 aa 230  -0.677858  -199.313  -927.842 bb 250  38.3746  -19.3251  960.94
242.81 40.1697   235.447 239.789   94.3212 -5.7077 2758.14   64.1071 70.1919   6.9662 -13.4945 3160.81 aa 230  -0.677858  -199.313  -927.842 bb 250  38.3746  -19.3251  960.94
240.241 39.3104   473.915 244.397   158.538 -0.540001 4237.41   129.761 142.211   5.19661 -13.6939 4125.95 aa 230  -0.677858  -199.313  -927.842 bb 250  38.3746  -19.3251  960.94
239.959 39.4725   487.282 247.637   157.086 1.547 4870.29   133.51 146.13   4.39669 -13.8 4843.81 aa 230  -0.677858  -199.313  -927.842 bb 250  38.3746  -19.3251  960.94
240.102 39.6785   466.551 249.52   152.41 -2.704 5160.77   127.82 139.631   4.03823 -13.852 5271.73 aa 230  -0.677858  -199.313  -927.842 bb 250  38.3746  -19.3251  960.94
ibin=9 selected_size=8 iterators: 32 37
241.845 40.2903   302.983 250.246   97.5472 12.3289 5088.49   82.7988 90.3405   3.91296 -13.8708 5437.89 aa 250  8.2062  -200.986  -4275.8 bb 270  24.8899  -12.6999  971.767
239.775 39.6502   493.558 250.506   155.343 2.976 4336.19   135.29 147.881   3.87325 -13.877 5497.97 aa 250  8.2062  -200.986  -4275.8 bb 270  24.8899  -12.6999  971.767
239.64 39.8666   495.525 253.595   156.919 5.812 4236.27   135.922 148.409   3.44004 -13.9465 6214.08 aa 250  8.2062  -200.986  -4275.8 bb 270  24.8899  -12.6999  971.767
239.812 40.025   475.851 254.986   152.132 -1.665 6073.14   130.531 142.393   3.28002 -13.9738 6538.39 aa 250  8.2062  -200.986  -4275.8 bb 270  24.8899  -12.6999  971.767
240.173 40.165   441.764 255.643   141.499 -11.452 5133.09   121.106 131.971   3.20816 -13.9863 6691.6 aa 250  8.2062  -200.986  -4275.8 bb 270  24.8899  -12.6999  971.767
239.603 40.1808   487.737 257.587   154.288 1.814 5606.55   133.933 146.039   3.02041 -14.0201 7144.05 aa 250  8.2062  -200.986  -4275.8 bb 270  24.8899  -12.6999  971.767
242.476 40.852   233.418 259.682   84.4864 -6.9998 4493.14   63.9601 69.7141   2.84572 -14.0528 7628.7 aa 250  8.2062  -200.986  -4275.8 bb 270  24.8899  -12.6999  971.767
239.398 40.3453   499.926 260.16   160.363 6.247 6009.35   137.436 149.932   2.80875 -14.0599 7738.8 aa 250  8.2062  -200.986  -4275.8 bb 270  24.8899  -12.6999  971.767
241.866 40.7811   285.398 260.336   93.5439 7.2251 5899.4   78.2214 85.1732   2.79641 -14.0623 7778.95 aa 250  8.2062  -200.986  -4275.8 bb 270  24.8899  -12.6999  971.767
240.165 40.7484   427.323 264   137.649 14.914 5881.97   117.349 127.736   2.55741 -14.1101 8607.32 aa 250  8.2062  -200.986  -4275.8 bb 270  24.8899  -12.6999  971.767
ibin=10 selected_size=8 iterators: 37 47
241.621 41.4483   300.208 275.181   94.6298 11.1069 9171.2   82.494 89.8625   2.10353 -14.2103 10868.6 aa 270  3.12842  -133.946  -6553.96 bb 290  20.2994  -16.7653  1237.14
242.55 41.423   222.531 275.548   78.2716 -11.161 6798.54   61.1601 66.673   2.09316 -14.2128 10934.2 aa 270  3.12842  -133.946  -6553.96 bb 290  20.2994  -16.7653  1237.14
240.66 42.0187   387.478 284.081   118.721 4.5192 10078.8   106.715 116.677   1.91494 -14.2563 12221 aa 270  3.12842  -133.946  -6553.96 bb 290  20.2994  -16.7653  1237.14
ibin=11 selected_size=8 iterators: 47 50
242.333 42.0192   253.298 290.424   86.6777 -0.978901 8753.72   69.7188 76.054   1.84077 -14.2752 12854.9 aa 290  3.58084  -178.871  -5695.28 bb 310  21.9664  0.331207  2193.67
241.656 42.1901   312.423 290.512   98.3798 -14.7162 11686.9   85.9895 93.8869   1.84008 -14.2754 12861.2 aa 290  3.58084  -178.871  -5695.28 bb 310  21.9664  0.331207  2193.67
241.363 42.4339   344.258 293.56   106.071 -6.1398 12532.3   94.8376 103.561   1.81869 -14.281 13056.7 aa 290  3.58084  -178.871  -5695.28 bb 310  21.9664  0.331207  2193.67
240.753 42.6912   401.328 294.843   124.766 9.0134 10379.8   110.728 121.103   1.81236 -14.2826 13115.7 aa 290  3.58084  -178.871  -5695.28 bb 310  21.9664  0.331207  2193.67
239.847 43.2515   493.88 298.424   156.122 6.017 11239.4   136.564 149.684   1.80187 -14.2854 13214.8 aa 290  3.58084  -178.871  -5695.28 bb 310  21.9664  0.331207  2193.67
241.514 42.7308   346.31 299.409   107.24 -5.1266 13014.6   95.4926 104.22   1.80102 -14.2856 13222.8 aa 290  3.58084  -178.871  -5695.28 bb 310  21.9664  0.331207  2193.67
243.529 42.0773   166.143 303.719   57.2652 3.8921 13136.7   45.7892 49.8513   1.80665 -14.2841 13169.4 aa 290  3.58084  -178.871  -5695.28 bb 310  21.9664  0.331207  2193.67
240.689 43.3736   439.69 303.814   140.395 -9.385 10088.3   121.482 132.646   1.80689 -14.284 13167.1 aa 290  3.58084  -178.871  -5695.28 bb 310  21.9664  0.331207  2193.67
242.275 42.6996   290.373 304.429   95.6591 10.4055 11123.5   80.1084 87.3866   1.80922 -14.2834 13145.2 aa 290  3.58084  -178.871  -5695.28 bb 310  21.9664  0.331207  2193.67
241.526 43.358   382.122 308.847   119.547 4.9283 11252   105.504 115.029   1.83497 -14.2767 12907.5 aa 290  3.58084  -178.871  -5695.28 bb 310  21.9664  0.331207  2193.67
ibin=12 selected_size=8 iterators: 50 60
240.496 44.082   496.811 310.735   156.26 7.362 10934.9   137.174 149.765   1.85143 -14.2725 12760.1 aa 310  7.05771  -210.085  -6591.57 bb 330  24.951  27.3078  3587.13
242.246 43.3471   336.223 314.623   106.872 -6.5938 11061.7   92.9038 101.297   1.89664 -14.2609 12372.2 aa 310  7.05771  -210.085  -6591.57 bb 330  24.951  27.3078  3587.13
241.431 43.9104   426.996 314.893   136.089 -12.164 9935.41   117.83 128.523   1.90046 -14.26 12340.7 aa 310  7.05771  -210.085  -6591.57 bb 330  24.951  27.3078  3587.13
243.13 42.7779   240.443 315.261   86.1656 -2.82 8457.27   66.4545 72.4871   1.90566 -14.2587 12297.8 aa 310  7.05771  -210.085  -6591.57 bb 330  24.951  27.3078  3587.13
241.33 44.5191   480.527 320.226   153.459 3.415 10091.2   132.398 144.493   1.99201 -14.2372 11627.8 aa 310  7.05771  -210.085  -6591.57 bb 330  24.951  27.3078  3587.13
244.246 42.1669   128.253 322.123   46.7627 -5.1748 14010.2   35.3405 38.402   2.03373 -14.227 11330.2 aa 310  7.05771  -210.085  -6591.57 bb 330  24.951  27.3078  3587.13
242.259 43.9733   386.039 322.357   123.708 7.1009 9924.54   106.629 116.343   2.03954 -14.2256 11290.9 aa 310  7.05771  -210.085  -6591.57 bb 330  24.951  27.3078  3587.13
242.076 44.538   444.566 326.083   142.612 -6.736 9485.98   122.544 133.824   2.13955 -14.2018 10641.9 aa 310  7.05771  -210.085  -6591.57 bb 330  24.951  27.3078  3587.13
243.233 43.4275   290.221 326.757   97.3456 11.9208 9372.05   80.3549 87.7924   2.16119 -14.1968 10514.6 aa 310  7.05771  -210.085  -6591.57 bb 330  24.951  27.3078  3587.13
243.968 42.7713   196.444 329.161   74.4999 14.5917 6457.32   54.3226 59.2676   2.24336 -14.178 10050.1 aa 310  7.05771  -210.085  -6591.57 bb 330  24.951  27.3078  3587.13
242.336 44.6653   444.581 329.308   143.105 -6.476 8992.6   122.467 134   2.24871 -14.1768 10021.1 aa 310  7.05771  -210.085  -6591.57 bb 330  24.951  27.3078  3587.13
ibin=13 selected_size=8 iterators: 60 71
242.494 44.8448   455.13 331.99   147.467 -3.425 8158.24   125.236 137.334   2.3561 -14.1529 9474.23 aa 330  12.2302  -179.001  -3663.8 bb 350  32.3868  -46.9729  60.7737
243.197 44.086   354.245 333.106   114.734 -0.944397 7184.54   97.9318 107.272   2.40844 -14.1416 9236.42 aa 330  12.2302  -179.001  -3663.8 bb 350  32.3868  -46.9729  60.7737
242.694 44.8525   448.231 333.797   147.106 -5.07 7803.89   123.332 135.428   2.44092 -14.1346 9088.97 aa 330  12.2302  -179.001  -3663.8 bb 350  32.3868  -46.9729  60.7737
243.253 44.589   402.503 337.436   134.953 12.402 6187.25   110.985 121.954   2.64524 -14.0922 8285.17 aa 330  12.2302  -179.001  -3663.8 bb 350  32.3868  -46.9729  60.7737
242.88 45.2925   485.919 338.024   157.214 5.438 6745.33   133.442 147.133   2.68137 -14.0849 8153.31 aa 330  12.2302  -179.001  -3663.8 bb 350  32.3868  -46.9729  60.7737
242.966 45.164   470.129 338.082   153.479 1.127 7063.52   129.203 142.382   2.68547 -14.0841 8139.96 aa 330  12.2302  -179.001  -3663.8 bb 350  32.3868  -46.9729  60.7737
243.336 45.045   446.961 340.837   149.274 -4.553 6324.56   123.015 135.586   2.88766 -14.0449 7508.92 aa 330  12.2302  -179.001  -3663.8 bb 350  32.3868  -46.9729  60.7737
244.172 43.4151   253.931 340.888   95.2537 3.1809 4470.93   70.3631 76.8103   2.89181 -14.0441 7497.05 aa 330  12.2302  -179.001  -3663.8 bb 350  32.3868  -46.9729  60.7737
244.042 43.9121   309.554 342.537   106.534 -11.56 4660.15   85.7591 -12345   3.03206 -14.018 7115.19 aa 330  12.2302  -179.001  -3663.8 bb 350  32.3868  -46.9729  60.7737
243.601 44.991   434.414 343.143   149.013 -7.808 4739.86   119.698 131.937   3.08884 -14.0077 6974.22 aa 330  12.2302  -179.001  -3663.8 bb 350  32.3868  -46.9729  60.7737
243.86 44.932   422.257 345.508   145.192 -11.191 3767.23   116.518 128.363   3.33407 -13.9645 6423.19 aa 330  12.2302  -179.001  -3663.8 bb 350  32.3868  -46.9729  60.7737
243.987 44.7035   395.12 345.935   136.651 11.572 4515.66   109.187 120.069   3.38078 -13.9564 6323.59 aa 330  12.2302  -179.001  -3663.8 bb 350  32.3868  -46.9729  60.7737
243.732 45.3997   475.054 346.01   161.224 3.522 4831.81   130.757 144.49   3.38927 -13.9549 6305.92 aa 330  12.2302  -179.001  -3663.8 bb 350  32.3868  -46.9729  60.7737
ibin=14 selected_size=8 iterators: 71 84
sizes: 85
