  0.061892   3.06180   1.55181   2.26969    80.00
  0.100000   3.16180   1.63181   2.27969    80.00
  0.100000   3.31180   1.76181   2.29969    80.00
  0.261892   3.46849   1.89737   2.31898    80.00
  0.261892   3.79813   2.16294   2.35563    80.00
  0.261892   4.15796   2.42850   2.39773    80.00
  0.837337   5.31715   3.15318   2.58286   599.99
  0.837337   5.40604   3.20296   2.60037   599.99
  0.837337   5.48973   3.24930   2.61724   599.99
  0.837337   5.56759   3.29197   2.63328   599.99
  0.837337   5.63976   3.33119   2.64843   599.99
  0.837337   5.70643   3.36713   2.66265   599.99
  0.837337   5.76781   3.40001   2.67595   599.99
  0.837337   5.82416   3.43000   2.68831   599.99
  0.837337   5.87573   3.45732   2.69976   599.99
  0.837337   5.92282   3.48215   2.71032   599.99
  0.837337   5.96573   3.50469   2.72004   599.99
  0.837337   6.00479   3.52514   2.72895   599.99
  0.837337   6.04033   3.54368   2.73712   599.99
  0.837337   6.07269   3.56053   2.74461   599.99
  0.837337   6.10221   3.57586   2.75148   599.99
  0.837337   6.12927   3.58989   2.75781   599.99
  0.837337   6.15422   3.60279   2.76368   599.99
  0.837337   6.17742   3.61478   2.76915   599.99
  0.837337   6.19925   3.62604   2.77433   599.99
  0.837337   6.22008   3.63677   2.77928   599.99
  0.837337   6.24029   3.64717   2.78411   599.99
  0.837337   6.26025   3.65743   2.78889   599.99
  0.837337   6.28035   3.66774   2.79372   599.99
  0.837337   6.30096   3.67831   2.79869   599.99
  0.837337   6.32247   3.68933   2.80390   599.99
  0.837337   6.34526   3.70099   2.80943   599.99
  0.837337   6.36972   3.71348   2.81539   599.99
  0.837337   6.39624   3.72702   2.82188   599.99
  0.837337   6.42520   3.74178   2.82900   599.99
  0.837337   6.45700   3.75797   2.83686   599.99
  0.837337   6.49204   3.77578   2.84555   599.99
  0.837337   6.53070   3.79540   2.85520   599.99
  0.837337   6.57338   3.81704   2.86592   599.99
  0.837337   6.62048   3.84089   2.87781   599.99
  0.837337   6.67239   3.86714   2.89101   599.99
  0.837337   6.72951   3.89599   2.90564   599.99
  0.837337   6.79221   3.92763   2.92182   599.99
  0.837337   6.86087   3.96226   2.93968   599.99
  0.837337   6.93587   4.00008   2.95935   599.99
  0.837337   7.01686   4.04095   2.98078   599.99
  3.309180   7.56415   4.32237   3.38053   204.79
  3.309180   7.52075   4.29757   3.37502   206.41
  3.309180   7.47994   4.27425   3.36983   207.64
  3.309180   7.44210   4.25263   3.36503   208.87
  3.309180   7.40715   4.23266   3.36059   210.52
  3.309180   7.37503   4.21430   3.35651   211.77
  3.309180   7.34565   4.19751   3.35278   213.02
  3.309180   7.31894   4.18225   3.34939   214.71
  3.309180   7.29484   4.16848   3.34633   215.98
  3.309180   7.27326   4.15615   3.34359   217.26
  3.309180   7.25415   4.14523   3.34116   218.54
  3.309180   7.23742   4.13567   3.33904   220.27
  3.309180   7.22300   4.12743   3.33721   221.57
  3.309180   7.21083   4.12047   3.33566   222.88
  3.309180   7.20084   4.11477   3.33439   224.64
  3.309180   7.19299   4.11028   3.33340   225.97
  3.309180   7.18725   4.10700   3.33267   227.30
  3.309180   7.18355   4.10488   3.33220   229.10
  3.309180   7.18185   4.10392   3.33198   230.45
  3.309180   7.18212   4.10407   3.33201   231.81
  3.309180   7.18429   4.10531   3.33229   233.64
  3.309180   7.18834   4.10762   3.33280   235.01
  3.309180   7.19421   4.11097   3.33355   236.40
  3.309180   7.20185   4.11534   3.33452   237.79
  3.309180   7.21122   4.12070   3.33571   239.66
  3.309180   7.22228   4.12702   3.33711   241.07
  3.309180   7.23497   4.13427   3.33873   242.49
  3.309180   7.24926   4.14243   3.34054   244.40
  3.309180   7.26509   4.15148   3.34255   245.84
  3.309180   7.28243   4.16139   3.34475   247.28
  3.309180   7.30122   4.17213   3.34714   249.22
  3.309180   7.32142   4.18367   3.34970   250.69
  3.309180   7.34299   4.19599   3.35244   252.16
  3.309180   7.36587   4.20907   3.35535   254.14
  3.309180   7.39002   4.22287   3.35842   255.63
  3.309180   7.41540   4.23737   3.36164   257.13
  3.309180   7.44196   4.25255   3.36501   258.63
  3.309180   7.46966   4.26838   3.36853   260.66
  3.309180   7.49845   4.28483   3.37218   262.18
  3.309180   7.52828   4.30187   3.37597   263.72
  3.309180   7.55910   4.31949   3.37989   265.78
  3.309180   7.59088   4.33765   3.38392   267.33
  3.309180   7.62357   4.35632   3.38807   268.90
  3.309180   7.65711   4.37549   3.39233   270.99
  3.309180   7.69147   4.39513   3.39669   272.58
  3.309180   7.72660   4.41520   3.40116   274.17
  3.309180   7.76245   4.43569   3.40571   276.30
  3.309180   7.79898   4.45656   3.41035   277.92
  3.309180   7.83614   4.47779   3.41507   279.54
  3.309180   7.87351   4.49915   3.41981   281.71
