0 -0.00220084 5.00058 2.0515e-17 10
2 -0.00214013 5.00056 2.0519e-17 10
4 -0.00207941 5.00054 2.04712e-17 10
6 -0.0020187 5.00053 2.03718e-17 10
8 -0.00195799 5.00051 2.02213e-17 10
10 -0.00189727 5.0005 2.00204e-17 10
12 -0.00183656 5.00048 1.97702e-17 10
14 -0.00177585 5.00046 1.94718e-17 10
16 -0.00171514 5.00045 1.91267e-17 10
18 -0.0016696 5.00043 1.87366e-17 10
20 -0.00159371 5.00042 1.83034e-17 10
22 -0.001533 5.0004 1.78292e-17 10
24 -0.00148746 5.00039 1.73162e-17 10
26 -0.00141157 5.00037 1.67671e-17 10
28 -0.00135086 5.00035 1.61844e-17 10
30 -0.00127497 5.00033 1.5571e-17 10
32 -0.00119908 5.00031 1.49299e-17 10
34 -0.00110801 5.00029 1.42643e-17 10
36 -0.00103212 5.00027 1.35773e-17 10
38 -0.00092587 5.00024 1.28724e-17 10
40 -0.000819623 5.00021 1.21528e-17 10
42 -0.000683019 5.00018 1.14223e-17 10
44 -0.000531237 5.00014 1.06842e-17 10
46 -0.000379455 5.0001 9.94227e-18 10
48 -0.00016696 5.00004 9.20005e-18 10
50 6.07128e-05 4.99998 8.46116e-18 10
52 0.00033392 4.99991 7.7292e-18 10
54 0.000667841 4.99983 7.00776e-18 10
56 0.00106247 4.99972 6.30034e-18 10
58 0.00156335 4.99959 5.61037e-18 10
60 0.00218566 4.99943 4.94124e-18 10
62 0.0029901 4.99922 4.29618e-18 10
64 0.0040374 4.99894 3.67837e-18 10
66 0.00546415 4.99857 3.09079e-18 10
114 0.0218111 4.99427 2.45424e-18 10
116 0.0181228 4.99524 3.00339e-18 10
118 0.0154059 4.99596 3.58606e-18 10
120 0.0133416 4.9965 4.19943e-18 10
122 0.0117176 4.99693 4.84049e-18 10
124 0.0103971 4.99727 5.50614e-18 10
126 0.00933459 4.99755 6.19311e-18 10
128 0.00845426 4.99779 6.89807e-18 10
130 0.00771052 4.99798 7.6176e-18 10
132 0.00705786 4.99815 8.34816e-18 10
134 0.00652663 4.99829 9.08622e-18 10
136 0.00604092 4.99842 9.82816e-18 10
138 0.00563111 4.99853 1.05704e-17 10
140 0.00526683 4.99862 1.13093e-17 10
142 0.00494809 4.99871 1.20412e-17 10
144 0.00464453 4.99878 1.27627e-17 10
146 0.00440168 4.99885 1.34701e-17 10
148 0.00415883 4.99891 1.41601e-17 10
150 0.00394633 4.99897 1.48292e-17 10
152 0.00376419 4.99902 1.54742e-17 10
154 0.00358205 4.99906 1.60921e-17 10
156 0.00343027 4.9991 1.66796e-17 10
158 0.00327849 4.99914 1.72341e-17 10
160 0.00314189 4.99918 1.77528e-17 10
162 0.00302046 4.99921 1.82332e-17 10
164 0.00289904 4.99924 1.86728e-17 10
166 0.00279279 4.99927 1.90697e-17 10
168 0.00268654 4.99929 1.94218e-17 10
170 0.00261065 4.99932 1.97275e-17 10
172 0.0025044 4.99934 1.99852e-17 10
174 0.00244369 4.99936 2.01937e-17 10
176 0.00235262 4.99938 2.03519e-17 10
178 0.00227673 4.9994 2.04592e-17 10
180 0.00220084 4.99942 2.0515e-17 10
182 0.00214013 4.99944 2.0519e-17 10
184 0.00207941 4.99946 2.04712e-17 10
186 0.0020187 4.99947 2.03718e-17 10
188 0.00195799 4.99949 2.02213e-17 10
190 0.00189727 4.9995 2.00204e-17 10
192 0.00183656 4.99952 1.97702e-17 10
194 0.00177585 4.99954 1.94718e-17 10
196 0.00171514 4.99955 1.91267e-17 10
198 0.0016696 4.99957 1.87366e-17 10
200 0.00159371 4.99958 1.83034e-17 10
202 0.001533 4.9996 1.78292e-17 10
204 0.00148746 4.99961 1.73162e-17 10
206 0.00141157 4.99963 1.67671e-17 10
208 0.00135086 4.99965 1.61844e-17 10
210 0.00127497 4.99967 1.5571e-17 10
212 0.00119908 4.99969 1.493e-17 10
214 0.00110801 4.99971 1.42643e-17 10
216 0.00103212 4.99973 1.35773e-17 10
218 0.00092587 4.99976 1.28724e-17 10
220 0.000819623 4.99979 1.21528e-17 10
222 0.000683019 4.99982 1.14223e-17 10
224 0.000531237 4.99986 1.06842e-17 10
226 0.000379455 4.9999 9.94227e-18 10
228 0.00016696 4.99996 9.20005e-18 10
230 -6.07128e-05 5.00002 8.46116e-18 10
232 -0.00033392 5.00009 7.72921e-18 10
234 -0.000667841 5.00017 7.00777e-18 10
236 -0.00106247 5.00028 6.30034e-18 10
238 -0.00156335 5.00041 5.61037e-18 10
240 -0.00218566 5.00057 4.94124e-18 10
242 -0.0029901 5.00078 4.29619e-18 10
244 -0.0040374 5.00106 3.67837e-18 10
246 -0.00546415 5.00143 3.09079e-18 10
294 -0.0218111 5.00573 2.45424e-18 10
296 -0.0181228 5.00476 3.00339e-18 10
298 -0.0154059 5.00404 3.58606e-18 10
300 -0.0133416 5.0035 4.19942e-18 10
302 -0.0117176 5.00307 4.84049e-18 10
304 -0.0103971 5.00273 5.50613e-18 10
306 -0.00933459 5.00245 6.19311e-18 10
308 -0.00845426 5.00221 6.89808e-18 10
310 -0.00771052 5.00202 7.61759e-18 10
312 -0.00705786 5.00185 8.34816e-18 10
314 -0.00652663 5.00171 9.08622e-18 10
316 -0.00604092 5.00158 9.82816e-18 10
318 -0.00563111 5.00147 1.05704e-17 10
320 -0.00526683 5.00138 1.13093e-17 10
322 -0.00494809 5.00129 1.20412e-17 10
324 -0.00464453 5.00122 1.27627e-17 10
326 -0.00440168 5.00115 1.34701e-17 10
328 -0.00415883 5.00109 1.41601e-17 10
330 -0.00394633 5.00103 1.48292e-17 10
332 -0.00376419 5.00098 1.54742e-17 10
334 -0.00358205 5.00094 1.60921e-17 10
336 -0.00343027 5.0009 1.66796e-17 10
338 -0.00327849 5.00086 1.72341e-17 10
340 -0.00314189 5.00082 1.77528e-17 10
342 -0.00302046 5.00079 1.82331e-17 10
344 -0.00289904 5.00076 1.86728e-17 10
346 -0.00279279 5.00073 1.90697e-17 10
348 -0.00268654 5.00071 1.94218e-17 10
350 -0.00261065 5.00068 1.97275e-17 10
352 -0.0025044 5.00066 1.99852e-17 10
354 -0.00244369 5.00064 2.01937e-17 10
356 -0.00235262 5.00062 2.03519e-17 10
358 -0.00227673 5.0006 2.04592e-17 10
360 -0.00220084 5.00058 2.0515e-17 10


0 -0.00512902 8.00191 1.38041e-17 16
2 -0.00501245 8.00185 1.38068e-17 16
4 -0.00485702 8.0018 1.37746e-17 16
6 -0.0047016 8.00174 1.37078e-17 16
8 -0.00454617 8.00169 1.36065e-17 16
10 -0.00439075 8.00164 1.34714e-17 16
12 -0.00427418 8.00159 1.33031e-17 16
14 -0.00411876 8.00154 1.31024e-17 16
16 -0.00404104 8.00149 1.28703e-17 16
18 -0.00388562 8.00144 1.26079e-17 16
20 -0.00373019 8.00139 1.23165e-17 16
22 -0.00361363 8.00134 1.19974e-17 16
24 -0.0034582 8.00128 1.16524e-17 16
26 -0.00334163 8.00123 1.1283e-17 16
28 -0.00314735 8.00117 1.08911e-17 16
30 -0.00295307 8.00111 1.04785e-17 16
32 -0.00279765 8.00104 1.00473e-17 16
34 -0.00260336 8.00097 9.59951e-18 16
36 -0.00237023 8.00089 9.13741e-18 16
38 -0.00217595 8.0008 8.66321e-18 16
40 -0.0018651 8.0007 8.17921e-18 16
42 -0.00155425 8.00059 7.68779e-18 16
44 -0.00128225 8.00046 7.19133e-18 16
46 -0.000854836 8.00032 6.69225e-18 16
48 -0.000427418 8.00015 6.19299e-18 16
50 0.000116569 7.99995 5.69597e-18 16
52 0.000777124 7.99971 5.20361e-18 16
54 0.00155425 7.99942 4.71832e-18 16
56 0.0024868 7.99908 4.24247e-18 16
58 0.00365248 7.99864 3.77835e-18 16
60 0.00512902 7.9981 3.32826e-18 16
62 0.00699411 7.99741 2.89435e-18 16
64 0.00944205 7.9965 2.47877e-18 16
66 0.0127448 7.99527 2.08353e-18 16
114 0.0509016 7.98108 1.65538e-18 16
116 0.0422755 7.98429 2.02477e-18 16
118 0.035942 7.98664 2.4167e-18 16
120 0.0311238 7.98844 2.82929e-18 16
122 0.0273159 7.98985 3.2605e-18 16
124 0.0242851 7.99098 3.70826e-18 16
126 0.0217983 7.99191 4.17036e-18 16
128 0.0197389 7.99268 4.64455e-18 16
130 0.0179904 7.99333 5.12855e-18 16
132 0.016475 7.99388 5.61997e-18 16
134 0.0152316 7.99435 6.11643e-18 16
136 0.0141048 7.99477 6.61551e-18 16
138 0.0131334 7.99512 7.11478e-18 16
140 0.0122786 7.99544 7.61179e-18 16
142 0.0115403 7.99572 8.10414e-18 16
144 0.0108409 7.99597 8.58943e-18 16
146 0.010258 7.9962 9.06529e-18 16
148 0.00971405 7.9964 9.5294e-18 16
150 0.00920892 7.99658 9.9795e-18 16
152 0.0087815 7.99675 1.04134e-17 16
154 0.00839294 7.9969 1.0829e-17 16
156 0.00800437 7.99704 1.12242e-17 16
158 0.00765467 7.99716 1.15972e-17 16
160 0.00734382 7.99728 1.19461e-17 16
162 0.00703297 7.99739 1.22692e-17 16
164 0.00679983 7.99749 1.2565e-17 16
166 0.00652784 7.99758 1.28319e-17 16
168 0.0062947 7.99767 1.30688e-17 16
170 0.00610042 7.99775 1.32744e-17 16
172 0.00586728 7.99782 1.34477e-17 16
174 0.005673 7.9979 1.3588e-17 16
176 0.00547872 7.99796 1.36944e-17 16
178 0.0053233 7.99803 1.37666e-17 16
180 0.00512902 7.99809 1.38041e-17 16
182 0.00501245 7.99815 1.38068e-17 16
184 0.00485702 7.9982 1.37746e-17 16
186 0.0047016 7.99826 1.37078e-17 16
188 0.00454617 7.99831 1.36065e-17 16
190 0.00439075 7.99836 1.34714e-17 16
192 0.00427418 7.99841 1.33031e-17 16
194 0.00411876 7.99846 1.31024e-17 16
196 0.00404104 7.99851 1.28703e-17 16
198 0.00388562 7.99856 1.26079e-17 16
200 0.00373019 7.99861 1.23165e-17 16
202 0.00361363 7.99866 1.19975e-17 16
204 0.0034582 7.99872 1.16524e-17 16
206 0.00334163 7.99877 1.1283e-17 16
208 0.00314735 7.99883 1.08911e-17 16
210 0.00295307 7.99889 1.04785e-17 16
212 0.00279765 7.99896 1.00473e-17 16
214 0.00260336 7.99903 9.59952e-18 16
216 0.00237023 7.99911 9.13742e-18 16
218 0.00217595 7.9992 8.66321e-18 16
220 0.0018651 7.9993 8.17922e-18 16
222 0.00155425 7.99941 7.68779e-18 16
224 0.00128225 7.99954 7.19133e-18 16
226 0.000854836 7.99968 6.69225e-18 16
228 0.000427418 7.99985 6.19299e-18 16
230 -0.000116569 8.00005 5.69597e-18 16
232 -0.000777124 8.00029 5.20361e-18 16
234 -0.00155425 8.00058 4.71833e-18 16
236 -0.0024868 8.00092 4.24247e-18 16
238 -0.00365248 8.00136 3.77836e-18 16
240 -0.00512902 8.0019 3.32826e-18 16
242 -0.00699411 8.00259 2.89436e-18 16
244 -0.00944205 8.0035 2.47877e-18 16
246 -0.0127448 8.00473 2.08353e-18 16
294 -0.0509016 8.01892 1.65538e-18 16
296 -0.0422755 8.01571 2.02477e-18 16
298 -0.035942 8.01336 2.4167e-18 16
300 -0.0311238 8.01156 2.82929e-18 16
302 -0.0273159 8.01015 3.2605e-18 16
304 -0.0242851 8.00902 3.70825e-18 16
306 -0.0217983 8.00809 4.17036e-18 16
308 -0.0197389 8.00732 4.64456e-18 16
310 -0.0179904 8.00667 5.12854e-18 16
312 -0.016475 8.00612 5.61997e-18 16
314 -0.0152316 8.00565 6.11643e-18 16
316 -0.0141048 8.00523 6.61551e-18 16
318 -0.0131334 8.00488 7.11477e-18 16
320 -0.0122786 8.00456 7.61179e-18 16
322 -0.0115403 8.00428 8.10414e-18 16
324 -0.0108409 8.00403 8.58943e-18 16
326 -0.010258 8.0038 9.06529e-18 16
328 -0.00971405 8.0036 9.5294e-18 16
330 -0.00920892 8.00342 9.9795e-18 16
332 -0.0087815 8.00325 1.04134e-17 16
334 -0.00839294 8.0031 1.0829e-17 16
336 -0.00800437 8.00296 1.12242e-17 16
338 -0.00765467 8.00284 1.15972e-17 16
340 -0.00734382 8.00272 1.19461e-17 16
342 -0.00703297 8.00261 1.22692e-17 16
344 -0.00679983 8.00251 1.2565e-17 16
346 -0.00652784 8.00242 1.28319e-17 16
348 -0.0062947 8.00233 1.30688e-17 16
350 -0.00610042 8.00225 1.32744e-17 16
352 -0.00586728 8.00218 1.34477e-17 16
354 -0.005673 8.0021 1.3588e-17 16
356 -0.00547872 8.00204 1.36944e-17 16
358 -0.0053233 8.00197 1.37666e-17 16
360 -0.00512902 8.00191 1.38041e-17 16


0 -0.00925627 11.0039 9.17482e-18 22
2 -0.00896242 11.0038 9.1766e-18 22
4 -0.00866857 11.0037 9.15522e-18 22
6 -0.00844818 11.0036 9.11079e-18 22
8 -0.00815434 11.0035 9.04351e-18 22
10 -0.00786049 11.0034 8.95373e-18 22
12 -0.00771356 11.0033 8.84187e-18 22
14 -0.00741971 11.0032 8.70848e-18 22
16 -0.00719932 11.0031 8.55421e-18 22
18 -0.00690547 11.003 8.37982e-18 22
20 -0.00668509 11.0028 8.18614e-18 22
22 -0.0064647 11.0027 7.97414e-18 22
24 -0.00617085 11.0026 7.74483e-18 22
26 -0.00595046 11.0025 7.49934e-18 22
28 -0.00565661 11.0024 7.23885e-18 22
30 -0.0052893 11.0023 6.96465e-18 22
32 -0.00499545 11.0021 6.67807e-18 22
34 -0.00462814 11.002 6.3805e-18 22
36 -0.00426082 11.0018 6.07339e-18 22
38 -0.00389351 11.0016 5.75824e-18 22
40 -0.00337927 11.0014 5.43659e-18 22
42 -0.00279157 11.0012 5.10999e-18 22
44 -0.00227734 11.0009 4.78005e-18 22
46 -0.00154271 11.0007 4.44837e-18 22
48 -0.000734625 11.0003 4.11656e-18 22
50 0.00029385 10.9999 3.78625e-18 22
52 0.00139579 10.9994 3.45903e-18 22
54 0.00279157 10.9988 3.13652e-18 22
56 0.00448121 10.9981 2.82027e-18 22
58 0.00661162 10.9972 2.51183e-18 22
60 0.00918281 10.9961 2.2127e-18 22
62 0.0124886 10.9947 1.92433e-18 22
64 0.0168964 10.9928 1.64815e-18 22
66 0.0227734 10.9903 1.38548e-18 22
114 0.0911669 10.9612 1.10097e-18 22
116 0.0757398 10.9678 1.34645e-18 22
118 0.0644266 10.9726 1.60692e-18 22
120 0.055758 10.9763 1.88112e-18 22
122 0.048926 10.9792 2.16769e-18 22
124 0.0435633 10.9815 2.46526e-18 22
126 0.0390086 10.9834 2.77237e-18 22
128 0.0353355 10.985 3.08751e-18 22
130 0.0321766 10.9863 3.40917e-18 22
132 0.0295319 10.9874 3.73576e-18 22
134 0.0272546 10.9884 4.0657e-18 22
136 0.0252711 10.9893 4.39738e-18 22
138 0.0235815 10.99 4.72918e-18 22
140 0.0219653 10.9906 5.05949e-18 22
142 0.020643 10.9912 5.3867e-18 22
144 0.0194676 10.9917 5.70922e-18 22
146 0.0183656 10.9922 6.02547e-18 22
148 0.0173371 10.9926 6.33391e-18 22
150 0.0165291 10.993 6.63304e-18 22
152 0.015721 10.9933 6.9214e-18 22
154 0.0149863 10.9936 7.19759e-18 22
156 0.0143252 10.9939 7.46027e-18 22
158 0.013664 10.9942 7.70814e-18 22
160 0.0130763 10.9944 7.94001e-18 22
162 0.0126355 10.9946 8.15475e-18 22
164 0.0121948 10.9948 8.3513e-18 22
166 0.0116805 10.995 8.52871e-18 22
168 0.0112398 10.9952 8.68612e-18 22
170 0.0108724 10.9954 8.82276e-18 22
172 0.0105051 10.9955 8.93797e-18 22
174 0.0101378 10.9957 9.03117e-18 22
176 0.00984397 10.9958 9.10193e-18 22
178 0.00947666 10.9959 9.14989e-18 22
180 0.00925627 10.9961 9.17482e-18 22
182 0.00896242 10.9962 9.1766e-18 22
184 0.00866857 10.9963 9.15522e-18 22
186 0.00844818 10.9964 9.11079e-18 22
188 0.00815434 10.9965 9.04351e-18 22
190 0.00786049 10.9966 8.95373e-18 22
192 0.00771356 10.9967 8.84187e-18 22
194 0.00741971 10.9968 8.70848e-18 22
196 0.00719932 10.9969 8.55421e-18 22
198 0.00690547 10.997 8.37982e-18 22
200 0.00668509 10.9972 8.18614e-18 22
202 0.0064647 10.9973 7.97414e-18 22
204 0.00617085 10.9974 7.74483e-18 22
206 0.00595046 10.9975 7.49934e-18 22
208 0.00565661 10.9976 7.23885e-18 22
210 0.0052893 10.9977 6.96466e-18 22
212 0.00499545 10.9979 6.67807e-18 22
214 0.00462814 10.998 6.3805e-18 22
216 0.00426082 10.9982 6.07339e-18 22
218 0.00389351 10.9984 5.75824e-18 22
220 0.00337927 10.9986 5.43659e-18 22
222 0.00279157 10.9988 5.10999e-18 22
224 0.00227734 10.9991 4.78005e-18 22
226 0.00154271 10.9993 4.44837e-18 22
228 0.000734625 10.9997 4.11656e-18 22
230 -0.00029385 11.0001 3.78625e-18 22
232 -0.00139579 11.0006 3.45904e-18 22
234 -0.00279157 11.0012 3.13652e-18 22
236 -0.00448121 11.0019 2.82027e-18 22
238 -0.00661162 11.0028 2.51183e-18 22
240 -0.00918281 11.0039 2.2127e-18 22
242 -0.0124886 11.0053 1.92434e-18 22
244 -0.0168964 11.0072 1.64815e-18 22
246 -0.0227734 11.0097 1.38548e-18 22
294 -0.0911669 11.0388 1.10096e-18 22
296 -0.0757398 11.0322 1.34645e-18 22
298 -0.0644266 11.0274 1.60692e-18 22
300 -0.055758 11.0237 1.88111e-18 22
302 -0.048926 11.0208 2.16769e-18 22
304 -0.0434898 11.0185 2.46526e-18 22
306 -0.0390086 11.0166 2.77237e-18 22
308 -0.0353355 11.015 3.08751e-18 22
310 -0.0321766 11.0137 3.40916e-18 22
312 -0.0295319 11.0126 3.73576e-18 22
314 -0.0272546 11.0116 4.0657e-18 22
316 -0.0252711 11.0107 4.39738e-18 22
318 -0.0235815 11.01 4.72918e-18 22
320 -0.0219653 11.0094 5.05949e-18 22
322 -0.020643 11.0088 5.3867e-18 22
324 -0.0194676 11.0083 5.70922e-18 22
326 -0.0183656 11.0078 6.02547e-18 22
328 -0.0173371 11.0074 6.33391e-18 22
330 -0.0165291 11.007 6.63304e-18 22
332 -0.015721 11.0067 6.9214e-18 22
334 -0.0149863 11.0064 7.19759e-18 22
336 -0.0143252 11.0061 7.46027e-18 22
338 -0.013664 11.0058 7.70814e-18 22
340 -0.0130763 11.0056 7.94001e-18 22
342 -0.0126355 11.0054 8.15474e-18 22
344 -0.0121948 11.0052 8.3513e-18 22
346 -0.0116805 11.005 8.52871e-18 22
348 -0.0112398 11.0048 8.68612e-18 22
350 -0.0108724 11.0046 8.82276e-18 22
352 -0.0105051 11.0045 8.93797e-18 22
354 -0.0101378 11.0043 9.03117e-18 22
356 -0.00984397 11.0042 9.10193e-18 22
358 -0.00947666 11.004 9.14989e-18 22
360 -0.00925627 11.0039 9.17482e-18 22


