8 0 5 4.14992e-18 10
10 0 5 5.14935e-18 10
12 0 5 6.1237e-18 10
14 0 5 7.06822e-18 10
16 0 5 7.9783e-18 10
18 0 5 8.84951e-18 10
20 0 5 9.67761e-18 10
22 0 5 1.04586e-17 10
24 0 5 1.11886e-17 10
26 0 5 1.1864e-17 10
28 0 5 1.24817e-17 10
30 0 5 1.30386e-17 10
32 0 5 1.3532e-17 10
34 0 5 1.39594e-17 10
36 0 5 1.43188e-17 10
38 0 5 1.46085e-17 10
40 0 5 1.4827e-17 10
42 0 5 1.49732e-17 10
44 0 5 1.50465e-17 10
46 0 5 1.50465e-17 10
48 0 5 1.49732e-17 10
50 0 5 1.4827e-17 10
52 0 5 1.46085e-17 10
54 0 5 1.43188e-17 10
56 0 5 1.39594e-17 10
58 0 5 1.3532e-17 10
60 0 5 1.30386e-17 10
62 0 5 1.24817e-17 10
64 0 5 1.1864e-17 10
66 0 5 1.11886e-17 10
68 0 5 1.04586e-17 10
70 0 5 9.67761e-18 10
72 0 5 8.8495e-18 10
74 0 5 7.9783e-18 10
76 0 5 7.06821e-18 10
78 0 5 6.12369e-18 10
80 0 5 5.14935e-18 10
98 -1.26122e-07 -1.88806e-07 4.14991e-18 10
100 -9.46963e-08 -1.41763e-07 5.14936e-18 10
102 -7.36921e-08 -1.10319e-07 6.1237e-18 10
104 -5.86231e-08 -8.77608e-08 7.06822e-18 10
106 -4.7247e-08 -7.07301e-08 7.97831e-18 10
108 -3.83168e-08 -5.73606e-08 8.84951e-18 10
110 -3.10822e-08 -4.65301e-08 9.67762e-18 10
112 -2.50651e-08 -3.75234e-08 1.04586e-17 10
114 -1.99472e-08 -2.9861e-08 1.11886e-17 10
116 -1.55045e-08 -2.32093e-08 1.1864e-17 10
118 -1.15749e-08 -1.73274e-08 1.24817e-17 10
120 -8.03971e-09 -1.20359e-08 1.30386e-17 10
122 -4.80773e-09 -7.19746e-09 1.3532e-17 10
124 -1.80624e-09 -2.70362e-09 1.39594e-17 10
126 1.02436e-09 1.53359e-09 1.43188e-17 10
128 3.73276e-09 5.58801e-09 1.46085e-17 10
130 6.36153e-09 9.52367e-09 1.4827e-17 10
132 8.94966e-09 1.33978e-08 1.49732e-17 10
134 1.15326e-08 1.72643e-08 1.50465e-17 10
136 1.41446e-08 2.11749e-08 1.50465e-17 10
138 1.68216e-08 2.51824e-08 1.49732e-17 10
140 1.96006e-08 2.93421e-08 1.4827e-17 10
142 2.25207e-08 3.37145e-08 1.46085e-17 10
144 2.56297e-08 3.83678e-08 1.43188e-17 10
146 2.89783e-08 4.33812e-08 1.39594e-17 10
148 3.26313e-08 4.88497e-08 1.3532e-17 10
150 3.66658e-08 5.48896e-08 1.30386e-17 10
152 4.118e-08 6.16471e-08 1.24817e-17 10
154 4.62994e-08 6.93106e-08 1.1864e-17 10
156 5.21896e-08 7.81284e-08 1.11886e-17 10
158 5.90752e-08 8.84366e-08 1.04586e-17 10
160 6.72692e-08 1.00703e-07 9.6776e-18 10
162 7.72217e-08 1.15603e-07 8.8495e-18 10
164 8.96069e-08 1.34144e-07 7.97829e-18 10
166 1.05484e-07 1.57911e-07 7.06821e-18 10
168 1.26614e-07 1.89543e-07 6.12369e-18 10
170 1.56166e-07 2.33785e-07 5.14934e-18 10
188 0 5 4.14991e-18 10
190 0 5 5.14935e-18 10
192 0 5 6.1237e-18 10
194 0 5 7.06822e-18 10
196 0 5 7.9783e-18 10
198 0 5 8.84951e-18 10
200 0 5 9.67761e-18 10
202 0 5 1.04586e-17 10
204 0 5 1.11886e-17 10
206 0 5 1.1864e-17 10
208 0 5 1.24817e-17 10
210 0 5 1.30386e-17 10
212 0 5 1.3532e-17 10
214 0 5 1.39594e-17 10
216 0 5 1.43188e-17 10
218 0 5 1.46085e-17 10
220 0 5 1.4827e-17 10
222 0 5 1.49732e-17 10
224 0 5 1.50465e-17 10
226 0 5 1.50465e-17 10
228 0 5 1.49732e-17 10
230 0 5 1.4827e-17 10
232 0 5 1.46085e-17 10
234 0 5 1.43188e-17 10
236 0 5 1.39594e-17 10
238 0 5 1.3532e-17 10
240 0 5 1.30386e-17 10
242 0 5 1.24817e-17 10
244 0 5 1.1864e-17 10
246 0 5 1.11886e-17 10
248 0 5 1.04586e-17 10
250 0 5 9.67761e-18 10
252 0 5 8.84951e-18 10
254 0 5 7.9783e-18 10
256 0 5 7.06821e-18 10
258 0 5 6.1237e-18 10
260 0 5 5.14935e-18 10
278 1.26122e-07 1.88806e-07 4.14991e-18 10
280 9.46972e-08 1.41763e-07 5.14935e-18 10
282 7.36925e-08 1.10319e-07 6.1237e-18 10
284 5.86242e-08 8.77608e-08 7.06822e-18 10
286 4.72475e-08 7.07301e-08 7.9783e-18 10
288 3.83164e-08 5.73606e-08 8.84951e-18 10
290 3.1082e-08 4.65302e-08 9.67761e-18 10
292 2.50659e-08 3.75234e-08 1.04586e-17 10
294 1.9947e-08 2.98611e-08 1.11886e-17 10
296 1.5504e-08 2.32094e-08 1.1864e-17 10
298 1.15748e-08 1.73274e-08 1.24817e-17 10
300 8.03993e-09 1.20359e-08 1.30386e-17 10
302 4.80804e-09 7.19747e-09 1.3532e-17 10
304 1.8058e-09 2.70367e-09 1.39594e-17 10
306 -1.02419e-09 -1.53358e-09 1.43188e-17 10
308 -3.73263e-09 -5.58803e-09 1.46085e-17 10
310 -6.36148e-09 -9.52363e-09 1.4827e-17 10
312 -8.94966e-09 -1.33978e-08 1.49732e-17 10
314 -1.15325e-08 -1.72642e-08 1.50465e-17 10
316 -1.41449e-08 -2.11748e-08 1.50465e-17 10
318 -1.68215e-08 -2.51824e-08 1.49732e-17 10
320 -1.96002e-08 -2.93421e-08 1.4827e-17 10
322 -2.25209e-08 -3.37145e-08 1.46085e-17 10
324 -2.56296e-08 -3.83678e-08 1.43188e-17 10
326 -2.89779e-08 -4.33812e-08 1.39594e-17 10
328 -3.26313e-08 -4.88497e-08 1.3532e-17 10
330 -3.66658e-08 -5.48895e-08 1.30386e-17 10
332 -4.11795e-08 -6.16471e-08 1.24817e-17 10
334 -4.62998e-08 -6.93106e-08 1.1864e-17 10
336 -5.21891e-08 -7.81283e-08 1.11886e-17 10
338 -5.90743e-08 -8.84365e-08 1.04586e-17 10
340 -6.72688e-08 -1.00703e-07 9.67761e-18 10
342 -7.72217e-08 -1.15603e-07 8.84951e-18 10
344 -8.96074e-08 -1.34144e-07 7.97829e-18 10
346 -1.05483e-07 -1.57911e-07 7.06822e-18 10
348 -1.26615e-07 -1.89542e-07 6.1237e-18 10
350 -1.56168e-07 -2.33784e-07 5.14935e-18 10


8 0 8 3.60027e-18 16
10 0 8 4.46733e-18 16
12 0 8 5.31263e-18 16
14 0 8 6.13204e-18 16
16 0 8 6.92159e-18 16
18 0 8 7.67741e-18 16
20 0 8 8.39583e-18 16
22 0 8 9.07334e-18 16
24 0 8 9.70665e-18 16
26 0 8 1.02927e-17 16
28 0 8 1.08285e-17 16
30 0 8 1.13117e-17 16
32 0 8 1.17397e-17 16
34 0 8 1.21105e-17 16
36 0 8 1.24223e-17 16
38 0 8 1.26736e-17 16
40 0 8 1.28632e-17 16
42 0 8 1.299e-17 16
44 0 8 1.30536e-17 16
46 0 8 1.30536e-17 16
48 0 8 1.299e-17 16
50 0 8 1.28631e-17 16
52 0 8 1.26736e-17 16
54 0 8 1.24223e-17 16
56 0 8 1.21105e-17 16
58 0 8 1.17397e-17 16
60 0 8 1.13117e-17 16
62 0 8 1.08285e-17 16
64 0 8 1.02927e-17 16
66 0 8 9.70665e-18 16
68 0 8 9.07334e-18 16
70 0 8 8.39583e-18 16
72 0 8 7.6774e-18 16
74 0 8 6.92158e-18 16
76 0 8 6.13203e-18 16
78 0 8 5.31262e-18 16
80 0 8 4.46733e-18 16
98 -1.41019e-07 -2.64039e-07 3.60026e-18 16
100 -1.05882e-07 -1.98252e-07 4.46733e-18 16
102 -8.23955e-08 -1.54278e-07 5.31263e-18 16
104 -6.55494e-08 -1.22731e-07 6.13204e-18 16
106 -5.28282e-08 -9.89141e-08 6.92159e-18 16
108 -4.28421e-08 -8.02172e-08 7.67741e-18 16
110 -3.47526e-08 -6.50711e-08 8.39583e-18 16
112 -2.80254e-08 -5.24755e-08 9.07334e-18 16
114 -2.23029e-08 -4.17598e-08 9.70666e-18 16
116 -1.73352e-08 -3.24576e-08 1.02927e-17 16
118 -1.29416e-08 -2.42319e-08 1.08285e-17 16
120 -8.98872e-09 -1.68318e-08 1.13117e-17 16
122 -5.3756e-09 -1.00654e-08 1.17397e-17 16
124 -2.01925e-09 -3.78094e-09 1.21105e-17 16
126 1.14531e-09 2.14468e-09 1.24223e-17 16
128 4.17298e-09 7.81468e-09 1.26736e-17 16
130 7.11333e-09 1.33186e-08 1.28632e-17 16
132 1.00068e-08 1.87365e-08 1.299e-17 16
134 1.28951e-08 2.41436e-08 1.30536e-17 16
136 1.5816e-08 2.96125e-08 1.30536e-17 16
138 1.88082e-08 3.52169e-08 1.299e-17 16
140 2.19152e-08 4.10342e-08 1.28631e-17 16
142 2.51811e-08 4.71489e-08 1.26736e-17 16
144 2.8656e-08 5.36564e-08 1.24223e-17 16
146 3.24013e-08 6.06675e-08 1.21105e-17 16
148 3.6485e-08 6.8315e-08 1.17397e-17 16
150 4.09968e-08 7.67616e-08 1.13117e-17 16
152 4.60446e-08 8.62118e-08 1.08285e-17 16
154 5.17669e-08 9.6929e-08 1.02927e-17 16
156 5.83542e-08 1.0926e-07 9.70665e-18 16
158 6.6052e-08 1.23676e-07 9.07333e-18 16
160 7.52147e-08 1.40831e-07 8.39582e-18 16
162 8.63443e-08 1.61667e-07 7.6774e-18 16
164 1.00191e-07 1.87597e-07 6.92158e-18 16
166 1.17942e-07 2.20835e-07 6.13204e-18 16
168 1.41567e-07 2.65071e-07 5.31262e-18 16
170 1.74611e-07 3.26942e-07 4.46732e-18 16
188 0 8 3.60026e-18 16
190 0 8 4.46732e-18 16
192 0 8 5.31262e-18 16
194 0 8 6.13204e-18 16
196 0 8 6.92158e-18 16
198 0 8 7.67741e-18 16
200 0 8 8.39583e-18 16
202 0 8 9.07334e-18 16
204 0 8 9.70665e-18 16
206 0 8 1.02927e-17 16
208 0 8 1.08285e-17 16
210 0 8 1.13117e-17 16
212 0 8 1.17397e-17 16
214 0 8 1.21105e-17 16
216 0 8 1.24223e-17 16
218 0 8 1.26736e-17 16
220 0 8 1.28631e-17 16
222 0 8 1.299e-17 16
224 0 8 1.30536e-17 16
226 0 8 1.30536e-17 16
228 0 8 1.299e-17 16
230 0 8 1.28632e-17 16
232 0 8 1.26736e-17 16
234 0 8 1.24223e-17 16
236 0 8 1.21105e-17 16
238 0 8 1.17397e-17 16
240 0 8 1.13117e-17 16
242 0 8 1.08285e-17 16
244 0 8 1.02927e-17 16
246 0 8 9.70665e-18 16
248 0 8 9.07334e-18 16
250 0 8 8.39582e-18 16
252 0 8 7.67741e-18 16
254 0 8 6.92159e-18 16
256 0 8 6.13204e-18 16
258 0 8 5.31263e-18 16
260 0 8 4.46732e-18 16
278 1.41018e-07 2.6404e-07 3.60026e-18 16
280 1.05883e-07 1.98252e-07 4.46733e-18 16
282 8.23943e-08 1.54279e-07 5.31262e-18 16
284 6.555e-08 1.22731e-07 6.13204e-18 16
286 5.28287e-08 9.89142e-08 6.92159e-18 16
288 4.28415e-08 8.02172e-08 7.67741e-18 16
290 3.47543e-08 6.50713e-08 8.39583e-18 16
292 2.80257e-08 5.24755e-08 9.07334e-18 16
294 2.23026e-08 4.17599e-08 9.70665e-18 16
296 1.73356e-08 3.24577e-08 1.02927e-17 16
298 1.29411e-08 2.42319e-08 1.08285e-17 16
300 8.98923e-09 1.68319e-08 1.13117e-17 16
302 5.3756e-09 1.00655e-08 1.17397e-17 16
304 2.01963e-09 3.781e-09 1.21105e-17 16
306 -1.14496e-09 -2.14466e-09 1.24223e-17 16
308 -4.17367e-09 -7.81471e-09 1.26736e-17 16
310 -7.1129e-09 -1.33185e-08 1.28632e-17 16
312 -1.00068e-08 -1.87365e-08 1.299e-17 16
314 -1.28945e-08 -2.41435e-08 1.30536e-17 16
316 -1.58147e-08 -2.96125e-08 1.30536e-17 16
318 -1.88076e-08 -3.52169e-08 1.299e-17 16
320 -2.19149e-08 -4.10342e-08 1.28631e-17 16
322 -2.51802e-08 -4.71489e-08 1.26736e-17 16
324 -2.86568e-08 -5.36563e-08 1.24223e-17 16
326 -3.24004e-08 -6.06675e-08 1.21105e-17 16
328 -3.64855e-08 -6.8315e-08 1.17397e-17 16
330 -4.09957e-08 -7.67615e-08 1.13117e-17 16
332 -4.60434e-08 -8.62118e-08 1.08285e-17 16
334 -5.17674e-08 -9.69289e-08 1.02927e-17 16
336 -5.83519e-08 -1.0926e-07 9.70665e-18 16
338 -6.6052e-08 -1.23676e-07 9.07334e-18 16
340 -7.52141e-08 -1.40831e-07 8.39582e-18 16
342 -8.6342e-08 -1.61667e-07 7.6774e-18 16
344 -1.00191e-07 -1.87597e-07 6.92158e-18 16
346 -1.17945e-07 -2.20835e-07 6.13204e-18 16
348 -1.41564e-07 -2.6507e-07 5.31262e-18 16
350 -1.74609e-07 -3.26941e-07 4.46732e-18 16


8 0 11 2.90634e-18 22
10 0 11 3.60629e-18 22
12 0 11 4.28866e-18 22
14 0 11 4.95014e-18 22
16 0 11 5.58751e-18 22
18 0 11 6.19765e-18 22
20 0 11 6.7776e-18 22
22 0 11 7.32453e-18 22
24 0 11 7.83577e-18 22
26 0 11 8.30884e-18 22
28 0 11 8.74143e-18 22
30 0 11 9.13143e-18 22
32 0 11 9.47695e-18 22
34 0 11 9.77629e-18 22
36 0 11 1.0028e-17 22
38 0 11 1.02309e-17 22
40 0 11 1.03839e-17 22
42 0 11 1.04863e-17 22
44 0 11 1.05376e-17 22
46 0 11 1.05376e-17 22
48 0 11 1.04863e-17 22
50 0 11 1.03839e-17 22
52 0 11 1.02309e-17 22
54 0 11 1.0028e-17 22
56 0 11 9.77629e-18 22
58 0 11 9.47694e-18 22
60 0 11 9.13143e-18 22
62 0 11 8.74142e-18 22
64 0 11 8.30884e-18 22
66 0 11 7.83577e-18 22
68 0 11 7.32452e-18 22
70 0 11 6.77759e-18 22
72 0 11 6.19764e-18 22
74 0 11 5.5875e-18 22
76 0 11 4.95013e-18 22
78 0 11 4.28865e-18 22
80 0 11 3.60628e-18 22
98 -2.47692e-07 -3.29065e-07 2.90634e-18 22
100 -1.85975e-07 -2.47076e-07 3.60629e-18 22
102 -1.44727e-07 -1.92273e-07 4.28866e-18 22
104 -1.15133e-07 -1.52956e-07 4.95014e-18 22
106 -9.27913e-08 -1.23274e-07 5.58751e-18 22
108 -7.5248e-08 -9.99725e-08 6.19765e-18 22
110 -6.10424e-08 -8.10964e-08 6.7776e-18 22
112 -4.92254e-08 -6.53987e-08 7.32453e-18 22
114 -3.91744e-08 -5.20441e-08 7.83577e-18 22
116 -3.04476e-08 -4.04511e-08 8.30884e-18 22
118 -2.27331e-08 -3.01996e-08 8.74143e-18 22
120 -1.57892e-08 -2.09771e-08 9.13143e-18 22
122 -9.44145e-09 -1.25443e-08 9.47695e-18 22
124 -3.54682e-09 -4.71207e-09 9.77629e-18 22
126 2.01246e-09 2.67286e-09 1.0028e-17 22
128 7.3294e-09 9.73923e-09 1.02309e-17 22
130 1.2493e-08 1.65986e-08 1.03839e-17 22
132 1.75772e-08 2.33508e-08 1.04863e-17 22
134 2.26483e-08 3.00895e-08 1.05376e-17 22
136 2.77774e-08 3.69052e-08 1.05376e-17 22
138 3.30362e-08 4.38899e-08 1.04863e-17 22
140 3.84929e-08 5.11398e-08 1.03839e-17 22
142 4.42293e-08 5.87603e-08 1.02309e-17 22
144 5.03349e-08 6.68705e-08 1.0028e-17 22
146 5.69111e-08 7.56082e-08 9.77629e-18 22
148 6.40867e-08 8.51392e-08 9.47694e-18 22
150 7.201e-08 9.56658e-08 9.13143e-18 22
152 8.08725e-08 1.07443e-07 8.74143e-18 22
154 9.0926e-08 1.208e-07 8.30883e-18 22
156 1.02497e-07 1.36168e-07 7.83577e-18 22
158 1.16017e-07 1.54134e-07 7.32452e-18 22
160 1.32112e-07 1.75514e-07 6.77759e-18 22
162 1.51656e-07 2.01482e-07 6.19764e-18 22
164 1.75985e-07 2.33797e-07 5.5875e-18 22
166 2.07161e-07 2.7522e-07 4.95014e-18 22
168 2.48662e-07 3.3035e-07 4.28865e-18 22
170 3.06702e-07 4.07458e-07 3.60628e-18 22
188 0 11 2.90634e-18 22
190 0 11 3.60628e-18 22
192 0 11 4.28866e-18 22
194 0 11 4.95014e-18 22
196 0 11 5.5875e-18 22
198 0 11 6.19765e-18 22
200 0 11 6.77759e-18 22
202 0 11 7.32452e-18 22
204 0 11 7.83577e-18 22
206 0 11 8.30884e-18 22
208 0 11 8.74143e-18 22
210 0 11 9.13143e-18 22
212 0 11 9.47694e-18 22
214 0 11 9.77629e-18 22
216 0 11 1.0028e-17 22
218 0 11 1.02309e-17 22
220 0 11 1.03839e-17 22
222 0 11 1.04863e-17 22
224 0 11 1.05376e-17 22
226 0 11 1.05376e-17 22
228 0 11 1.04863e-17 22
230 0 11 1.03839e-17 22
232 0 11 1.02309e-17 22
234 0 11 1.0028e-17 22
236 0 11 9.77629e-18 22
238 0 11 9.47694e-18 22
240 0 11 9.13143e-18 22
242 0 11 8.74143e-18 22
244 0 11 8.30884e-18 22
246 0 11 7.83577e-18 22
248 0 11 7.32452e-18 22
250 0 11 6.77759e-18 22
252 0 11 6.19765e-18 22
254 0 11 5.5875e-18 22
256 0 11 4.95014e-18 22
258 0 11 4.28866e-18 22
260 0 11 3.60628e-18 22
278 2.4769e-07 3.29065e-07 2.90634e-18 22
280 1.85975e-07 2.47076e-07 3.60628e-18 22
282 1.44726e-07 1.92273e-07 4.28866e-18 22
284 1.1513e-07 1.52956e-07 4.95014e-18 22
286 9.27891e-08 1.23274e-07 5.5875e-18 22
288 7.52475e-08 9.99725e-08 6.19765e-18 22
290 6.10419e-08 8.10965e-08 6.7776e-18 22
292 4.92238e-08 6.53988e-08 7.32453e-18 22
294 3.91738e-08 5.20443e-08 7.83577e-18 22
296 3.04468e-08 4.04511e-08 8.30884e-18 22
298 2.27315e-08 3.01996e-08 8.74143e-18 22
300 1.57897e-08 2.09771e-08 9.13143e-18 22
302 9.44295e-09 1.25443e-08 9.47694e-18 22
304 3.54682e-09 4.71215e-09 9.77629e-18 22
306 -2.01183e-09 -2.67284e-09 1.0028e-17 22
308 -7.32947e-09 -9.73927e-09 1.02309e-17 22
310 -1.24938e-08 -1.65985e-08 1.03839e-17 22
312 -1.75772e-08 -2.33508e-08 1.04863e-17 22
314 -2.26478e-08 -3.00894e-08 1.05376e-17 22
316 -2.77777e-08 -3.69052e-08 1.05376e-17 22
318 -3.30362e-08 -4.38898e-08 1.04863e-17 22
320 -3.84918e-08 -5.11398e-08 1.03839e-17 22
322 -4.42293e-08 -5.87603e-08 1.02309e-17 22
324 -5.03338e-08 -6.68704e-08 1.0028e-17 22
326 -5.69117e-08 -7.56082e-08 9.77629e-18 22
328 -6.40851e-08 -8.5139e-08 9.47694e-18 22
330 -7.20083e-08 -9.56658e-08 9.13143e-18 22
332 -8.08725e-08 -1.07443e-07 8.74143e-18 22
334 -9.09304e-08 -1.208e-07 8.30884e-18 22
336 -1.02493e-07 -1.36168e-07 7.83577e-18 22
338 -1.1602e-07 -1.54134e-07 7.32452e-18 22
340 -1.32107e-07 -1.75513e-07 6.77759e-18 22
342 -1.51655e-07 -2.01481e-07 6.19764e-18 22
344 -1.75982e-07 -2.33797e-07 5.5875e-18 22
346 -2.07161e-07 -2.7522e-07 4.95014e-18 22
348 -2.48662e-07 -3.30349e-07 4.28866e-18 22
350 -3.067e-07 -4.07458e-07 3.60628e-18 22


