10 -0.00980512 5.01848 4.09607e-18 10
12 -0.0082873 5.01562 4.98168e-18 10
14 -0.00725518 5.01367 5.84305e-18 10
16 -0.00651145 5.01225 6.67595e-18 10
18 -0.00593468 5.01119 7.47634e-18 10
20 -0.00549451 5.01036 8.2403e-18 10
22 -0.00514541 5.00971 8.96413e-18 10
24 -0.0048722 5.00918 9.64428e-18 10
26 -0.00464453 5.00875 1.02774e-17 10
28 -0.00446239 5.0084 1.08605e-17 10
30 -0.00431061 5.00812 1.13907e-17 10
32 -0.00418918 5.00788 1.18654e-17 10
34 -0.00408294 5.0077 1.22823e-17 10
36 -0.00400704 5.00755 1.26394e-17 10
38 -0.00394633 5.00743 1.29349e-17 10
40 -0.0039008 5.00735 1.31673e-17 10
42 -0.00387044 5.00729 1.33356e-17 10
44 -0.00385526 5.00727 1.3439e-17 10
46 -0.00385526 5.00727 1.34768e-17 10
48 -0.00387044 5.00729 1.34491e-17 10
50 -0.0039008 5.00734 1.33557e-17 10
52 -0.00394633 5.00743 1.31974e-17 10
54 -0.00399187 5.00754 1.29747e-17 10
56 -0.00408294 5.00768 1.26888e-17 10
58 -0.004174 5.00786 1.23411e-17 10
60 -0.00429543 5.00808 1.19333e-17 10
62 -0.00443203 5.00835 1.14673e-17 10
64 -0.00459899 5.00868 1.09455e-17 10
66 -0.00481149 5.00907 1.03704e-17 10
68 -0.00506952 5.00955 9.74471e-18 10
70 -0.00537308 5.01013 9.07158e-18 10
72 -0.00576772 5.01085 8.35423e-18 10
74 -0.00623824 5.01175 7.59621e-18 10
76 -0.00686055 5.01291 6.80117e-18 10
78 -0.00766499 5.01443 5.97301e-18 10
80 -0.00875782 5.01652 5.11576e-18 10
100 0.00808518 -0.0152353 4.09598e-18 10
102 0.00636248 -0.0119889 4.98159e-18 10
104 0.0051747 -0.00975048 5.84294e-18 10
106 0.00430477 -0.0081113 6.67584e-18 10
108 0.00363891 -0.00685671 7.47622e-18 10
110 0.00311155 -0.005863 8.24019e-18 10
112 0.00268223 -0.00505393 8.964e-18 10
114 0.00232443 -0.00437979 9.64416e-18 10
116 0.00202035 -0.00380682 1.02773e-17 10
118 0.00175729 -0.00331118 1.08604e-17 10
120 0.00152605 -0.00287552 1.13906e-17 10
122 0.00131979 -0.00248683 1.18653e-17 10
124 0.00113317 -0.00213514 1.22822e-17 10
126 0.000961955 -0.00181257 1.26392e-17 10
128 0.000802862 -0.00151274 1.29347e-17 10
130 0.000652992 -0.00123036 1.31672e-17 10
132 0.000509985 -0.000960907 1.33355e-17 10
134 0.00037171 -0.00070038 1.34388e-17 10
136 0.000236246 -0.000445139 1.34767e-17 10
138 0.000101748 -0.000191716 1.34489e-17 10
140 -3.35914e-05 6.32968e-05 1.33556e-17 10
142 -0.000171636 0.000323407 1.31972e-17 10
144 -0.000314373 0.000592361 1.29746e-17 10
146 -0.000464017 0.000874304 1.26887e-17 10
148 -0.000623084 0.00117401 1.2341e-17 10
150 -0.000794599 0.00149712 1.19332e-17 10
152 -0.000982106 0.00185055 1.14672e-17 10
154 -0.00119038 0.00224296 1.09454e-17 10
156 -0.00142526 0.00268552 1.03702e-17 10
158 -0.00169458 0.00319307 9.74455e-18 10
160 -0.00200923 0.00378581 9.07141e-18 10
162 -0.0023841 0.00449224 8.35407e-18 10
164 -0.00284142 0.00535391 7.59604e-18 10
166 -0.00341474 0.00643421 6.801e-18 10
168 -0.00415803 0.00783488 5.97283e-18 10
170 -0.00516391 0.00973042 5.11557e-18 10
190 0.00980512 4.98152 4.09606e-18 10
192 0.0082873 4.98438 4.98168e-18 10
194 0.00725518 4.98633 5.84304e-18 10
196 0.00651145 4.98775 6.67595e-18 10
198 0.00593468 4.98881 7.47633e-18 10
200 0.00549451 4.98964 8.2403e-18 10
202 0.00514541 4.99029 8.96412e-18 10
204 0.0048722 4.99082 9.64427e-18 10
206 0.00464453 4.99125 1.02774e-17 10
208 0.00446239 4.9916 1.08605e-17 10
210 0.00431061 4.99188 1.13907e-17 10
212 0.00418918 4.99212 1.18654e-17 10
214 0.00408294 4.9923 1.22823e-17 10
216 0.00400704 4.99245 1.26394e-17 10
218 0.00394633 4.99257 1.29349e-17 10
220 0.0039008 4.99265 1.31673e-17 10
222 0.00387044 4.99271 1.33356e-17 10
224 0.00385526 4.99273 1.3439e-17 10
226 0.00385526 4.99273 1.34768e-17 10
228 0.00387044 4.99271 1.34491e-17 10
230 0.0039008 4.99266 1.33557e-17 10
232 0.00394633 4.99257 1.31974e-17 10
234 0.00399187 4.99246 1.29747e-17 10
236 0.00408294 4.99232 1.26888e-17 10
238 0.004174 4.99214 1.23411e-17 10
240 0.00429543 4.99192 1.19333e-17 10
242 0.00443203 4.99165 1.14674e-17 10
244 0.00459899 4.99132 1.09455e-17 10
246 0.00481149 4.99093 1.03704e-17 10
248 0.00506952 4.99045 9.74472e-18 10
250 0.00537308 4.98987 9.07157e-18 10
252 0.00576772 4.98915 8.35424e-18 10
254 0.00623824 4.98825 7.59621e-18 10
256 0.00686055 4.98709 6.80117e-18 10
258 0.00766499 4.98557 5.97301e-18 10
260 0.00875782 4.98348 5.11576e-18 10
280 -0.00808536 0.0152353 4.09597e-18 10
282 -0.00636251 0.0119889 4.98158e-18 10
284 -0.00517467 0.00975048 5.84294e-18 10
286 -0.00430474 0.00811131 6.67584e-18 10
288 -0.00363894 0.00685671 7.47622e-18 10
290 -0.00311158 0.00586301 8.24018e-18 10
292 -0.00268218 0.00505393 8.964e-18 10
294 -0.0023244 0.0043798 9.64415e-18 10
296 -0.00202036 0.00380682 1.02773e-17 10
298 -0.00175731 0.00331118 1.08604e-17 10
300 -0.00152607 0.00287552 1.13906e-17 10
302 -0.00131979 0.00248684 1.18653e-17 10
304 -0.00113318 0.00213515 1.22822e-17 10
306 -0.000961955 0.00181257 1.26392e-17 10
308 -0.000802851 0.00151274 1.29347e-17 10
310 -0.000652955 0.00123036 1.31672e-17 10
312 -0.000509985 0.000960907 1.33355e-17 10
314 -0.000371697 0.000700383 1.34388e-17 10
316 -0.000236244 0.00044514 1.34767e-17 10
318 -0.000101735 0.000191718 1.34489e-17 10
320 3.36039e-05 -6.32958e-05 1.33556e-17 10
322 0.000171621 -0.000323406 1.31972e-17 10
324 0.000314388 -0.000592358 1.29746e-17 10
326 0.000463995 -0.000874302 1.26887e-17 10
328 0.000623084 -0.00117401 1.2341e-17 10
330 0.000794528 -0.00149712 1.19332e-17 10
332 0.000982151 -0.00185055 1.14672e-17 10
334 0.00119041 -0.00224295 1.09454e-17 10
336 0.00142525 -0.00268552 1.03702e-17 10
338 0.00169464 -0.00319307 9.74456e-18 10
340 0.00200924 -0.00378581 9.07142e-18 10
342 0.00238413 -0.00449223 8.35408e-18 10
344 0.00284142 -0.00535391 7.59604e-18 10
346 0.00341468 -0.00643421 6.80101e-18 10
348 0.00415806 -0.00783486 5.97284e-18 10
350 0.00516397 -0.00973041 5.11558e-18 10


10 -0.0479097 8.03656 2.80772e-18 16
12 -0.0404881 8.03091 3.41474e-18 16
14 -0.0354368 8.02704 4.00515e-18 16
16 -0.0317455 8.02424 4.57605e-18 16
18 -0.0289867 8.02213 5.12467e-18 16
20 -0.0268885 8.0205 5.64832e-18 16
22 -0.02514 8.01921 6.14446e-18 16
24 -0.0238188 8.01816 6.61066e-18 16
26 -0.0226532 8.01732 7.04466e-18 16
28 -0.0217595 8.01663 7.44434e-18 16
30 -0.0210212 8.01606 7.80775e-18 16
32 -0.0204384 8.0156 8.13313e-18 16
34 -0.0199721 8.01523 8.41888e-18 16
36 -0.0195447 8.01493 8.66362e-18 16
38 -0.0192338 8.0147 8.86615e-18 16
40 -0.0190784 8.01454 9.02549e-18 16
42 -0.0188841 8.01443 9.14086e-18 16
44 -0.0188453 8.01438 9.2117e-18 16
46 -0.0188453 8.01438 9.23765e-18 16
48 -0.0188841 8.01443 9.21861e-18 16
50 -0.0190395 8.01453 9.15465e-18 16
52 -0.0192338 8.01469 9.0461e-18 16
54 -0.0195447 8.01491 8.89347e-18 16
56 -0.0198944 8.0152 8.69752e-18 16
58 -0.0203995 8.01556 8.45919e-18 16
60 -0.0209823 8.01599 8.17966e-18 16
62 -0.0216429 8.01653 7.86027e-18 16
64 -0.0224977 8.01717 7.50259e-18 16
66 -0.023508 8.01795 7.10837e-18 16
68 -0.0247514 8.01889 6.6795e-18 16
70 -0.0262668 8.02004 6.21811e-18 16
72 -0.0281319 8.02147 5.72642e-18 16
74 -0.0304633 8.02325 5.20684e-18 16
76 -0.0334552 8.02554 4.66189e-18 16
78 -0.0374185 8.02856 4.09424e-18 16
80 -0.0428195 8.03269 3.50666e-18 16
100 0.0394877 -0.0301459 2.80763e-18 16
102 0.0310748 -0.0237225 3.41464e-18 16
104 0.0252736 -0.0192934 4.00504e-18 16
106 0.0210249 -0.01605 4.57594e-18 16
108 0.017773 -0.0135675 5.12455e-18 16
110 0.0151975 -0.0116012 5.6482e-18 16
112 0.0131004 -0.0100003 6.14433e-18 16
114 0.0113531 -0.00866639 6.61053e-18 16
116 0.0098678 -0.00753265 7.04453e-18 16
118 0.00858316 -0.00655192 7.4442e-18 16
120 0.00745375 -0.00568985 7.80762e-18 16
122 0.0064462 -0.00492076 8.13299e-18 16
124 0.00553462 -0.00422486 8.41874e-18 16
126 0.00469851 -0.00358658 8.66348e-18 16
128 0.00392125 -0.0029933 8.86601e-18 16
130 0.00318933 -0.00243454 9.02535e-18 16
132 0.0024907 -0.00190137 9.14071e-18 16
134 0.00181551 -0.00138586 9.21155e-18 16
136 0.00115386 -0.000880808 9.23751e-18 16
138 0.000497017 -0.000379354 9.21846e-18 16
140 -0.000164115 0.000125246 9.1545e-18 16
142 -0.000838306 0.000639933 9.04595e-18 16
144 -0.00153543 0.00117212 8.89332e-18 16
146 -0.0022663 0.00173001 8.69736e-18 16
148 -0.00304321 0.00232305 8.45904e-18 16
150 -0.00388076 0.0029624 8.1795e-18 16
152 -0.00479688 0.00366173 7.86011e-18 16
154 -0.0058141 0.0044382 7.50243e-18 16
156 -0.00696125 0.00531391 7.1082e-18 16
158 -0.00827675 0.0063182 6.67934e-18 16
160 -0.00981331 0.00749107 6.21794e-18 16
162 -0.0116446 0.00888889 5.72625e-18 16
164 -0.013878 0.0105939 5.20666e-18 16
166 -0.0166783 0.0127315 4.66172e-18 16
168 -0.0203084 0.015503 4.09406e-18 16
170 -0.0252216 0.0192537 3.50647e-18 16
190 0.0479097 7.96344 2.80771e-18 16
192 0.0404881 7.96909 3.41474e-18 16
194 0.0354368 7.97296 4.00515e-18 16
196 0.0317455 7.97576 4.57605e-18 16
198 0.0289867 7.97787 5.12466e-18 16
200 0.0268885 7.9795 5.64832e-18 16
202 0.02514 7.98079 6.14445e-18 16
204 0.0238188 7.98184 6.61065e-18 16
206 0.0226532 7.98268 7.04465e-18 16
208 0.0217595 7.98337 7.44434e-18 16
210 0.0210212 7.98394 7.80775e-18 16
212 0.0204384 7.9844 8.13313e-18 16
214 0.0199721 7.98477 8.41888e-18 16
216 0.0195447 7.98507 8.66362e-18 16
218 0.0192338 7.9853 8.86615e-18 16
220 0.0190784 7.98546 9.02549e-18 16
222 0.0188841 7.98557 9.14086e-18 16
224 0.0188453 7.98562 9.2117e-18 16
226 0.0188453 7.98562 9.23765e-18 16
228 0.0188841 7.98557 9.21861e-18 16
230 0.0190395 7.98547 9.15465e-18 16
232 0.0192338 7.98531 9.0461e-18 16
234 0.0195447 7.98509 8.89347e-18 16
236 0.0198944 7.9848 8.69752e-18 16
238 0.0203995 7.98444 8.45919e-18 16
240 0.0209823 7.98401 8.17966e-18 16
242 0.0216429 7.98347 7.86027e-18 16
244 0.0224977 7.98283 7.50259e-18 16
246 0.023508 7.98205 7.10837e-18 16
248 0.0247514 7.98111 6.67951e-18 16
250 0.0262668 7.97996 6.21811e-18 16
252 0.028093 7.97853 5.72642e-18 16
254 0.0304633 7.97675 5.20684e-18 16
256 0.0334552 7.97446 4.66189e-18 16
258 0.0374185 7.97144 4.09425e-18 16
260 0.0428195 7.96731 3.50666e-18 16
280 -0.0394876 0.030146 2.80762e-18 16
282 -0.0310752 0.0237225 3.41464e-18 16
284 -0.0252738 0.0192934 4.00504e-18 16
286 -0.0210251 0.01605 4.57594e-18 16
288 -0.0177731 0.0135675 5.12454e-18 16
290 -0.0151978 0.0116013 5.64819e-18 16
292 -0.0131005 0.0100003 6.14433e-18 16
294 -0.011353 0.0086664 6.61053e-18 16
296 -0.00986773 0.00753265 7.04452e-18 16
298 -0.00858312 0.00655192 7.4442e-18 16
300 -0.00745371 0.00568986 7.80761e-18 16
302 -0.00644628 0.00492076 8.13299e-18 16
304 -0.0055346 0.00422487 8.41874e-18 16
306 -0.00469851 0.00358658 8.66348e-18 16
308 -0.00392129 0.0029933 8.86601e-18 16
310 -0.00318923 0.00243455 9.02535e-18 16
312 -0.0024907 0.00190137 9.14071e-18 16
314 -0.00181551 0.00138586 9.21155e-18 16
316 -0.00115383 0.00088081 9.23751e-18 16
318 -0.000496918 0.000379357 9.21846e-18 16
320 0.000164047 -0.000125245 9.1545e-18 16
322 0.000838349 -0.000639932 9.04595e-18 16
324 0.00153544 -0.00117211 8.89332e-18 16
326 0.0022663 -0.00173001 8.69736e-18 16
328 0.00304327 -0.00232304 8.45904e-18 16
330 0.00388076 -0.00296239 8.1795e-18 16
332 0.00479688 -0.00366173 7.86011e-18 16
334 0.00581412 -0.00443819 7.50243e-18 16
336 0.00696129 -0.0053139 7.1082e-18 16
338 0.0082769 -0.00631819 6.67934e-18 16
340 0.00981346 -0.00749107 6.21794e-18 16
342 0.0116445 -0.00888888 5.72625e-18 16
344 0.013878 -0.0105939 5.20667e-18 16
346 0.0166782 -0.0127315 4.66172e-18 16
348 0.0203084 -0.015503 4.09406e-18 16
350 0.0252215 -0.0192537 3.50647e-18 16


10 -0.097852 11.0636 2.08206e-18 22
12 -0.0827922 11.0538 2.53216e-18 22
14 -0.0723605 11.047 2.96994e-18 22
16 -0.0648674 11.0422 3.39326e-18 22
18 -0.0592842 11.0385 3.80005e-18 22
20 -0.0548765 11.0357 4.18833e-18 22
22 -0.0514237 11.0334 4.55622e-18 22
24 -0.0486322 11.0316 4.9019e-18 22
26 -0.0464283 11.0301 5.22371e-18 22
28 -0.0445183 11.0289 5.52008e-18 22
30 -0.0429755 11.0279 5.78955e-18 22
32 -0.0418001 11.0271 6.03082e-18 22
34 -0.0407717 11.0265 6.2427e-18 22
36 -0.0400371 11.026 6.42418e-18 22
38 -0.0393759 11.0256 6.57436e-18 22
40 -0.0389351 11.0253 6.6925e-18 22
42 -0.0386413 11.0251 6.77805e-18 22
44 -0.0384943 11.025 6.83058e-18 22
46 -0.0384943 11.025 6.84982e-18 22
48 -0.0386413 11.0251 6.8357e-18 22
50 -0.0389351 11.0253 6.78828e-18 22
52 -0.0393759 11.0256 6.70779e-18 22
54 -0.0399636 11.0259 6.59461e-18 22
56 -0.0406982 11.0264 6.44931e-18 22
58 -0.0416532 11.0271 6.2726e-18 22
60 -0.0428286 11.0278 6.06532e-18 22
62 -0.0442244 11.0287 5.82849e-18 22
64 -0.0459875 11.0299 5.56328e-18 22
66 -0.0480445 11.0312 5.27096e-18 22
68 -0.0505422 11.0329 4.95296e-18 22
70 -0.0537011 11.0349 4.61084e-18 22
72 -0.0574477 11.0373 4.24625e-18 22
74 -0.0622962 11.0404 3.86099e-18 22
76 -0.0683936 11.0444 3.45692e-18 22
78 -0.0764744 11.0497 3.03601e-18 22
80 -0.0874938 11.0569 2.60033e-18 22
100 0.0807109 -0.0524349 2.08196e-18 22
102 0.0635172 -0.0412626 2.53204e-18 22
104 0.0516593 -0.0335589 2.9698e-18 22
106 0.0429761 -0.0279174 3.39312e-18 22
108 0.0363291 -0.0235994 3.7999e-18 22
110 0.0310647 -0.0201793 4.18819e-18 22
112 0.0267778 -0.0173947 4.55606e-18 22
114 0.0232063 -0.0150744 4.90175e-18 22
116 0.0201704 -0.0131024 5.22356e-18 22
118 0.0175445 -0.0113965 5.51992e-18 22
120 0.0152361 -0.00989701 5.78939e-18 22
122 0.0131765 -0.00855925 6.03065e-18 22
124 0.0113134 -0.00734878 6.24254e-18 22
126 0.00960389 -0.00623855 6.42401e-18 22
128 0.00801534 -0.00520659 6.57419e-18 22
130 0.00651926 -0.00423468 6.69233e-18 22
132 0.00509142 -0.00330727 6.77788e-18 22
134 0.00371111 -0.00241059 6.8304e-18 22
136 0.00235831 -0.00153209 6.84965e-18 22
138 0.00101573 -0.000659851 6.83553e-18 22
140 -0.000335511 0.000217857 6.7881e-18 22
142 -0.00171357 0.00111311 6.70761e-18 22
144 -0.00313857 0.0020388 6.59443e-18 22
146 -0.00463257 0.0030092 6.44913e-18 22
148 -0.00622053 0.00404074 6.27241e-18 22
150 -0.0079324 0.00515284 6.06513e-18 22
152 -0.00980516 0.00636927 5.82831e-18 22
154 -0.0118843 0.00771987 5.56309e-18 22
156 -0.0142294 0.00924309 5.27077e-18 22
158 -0.0169186 0.01099 4.95277e-18 22
160 -0.0200591 0.0130301 4.61064e-18 22
162 -0.0238021 0.0154615 4.24605e-18 22
164 -0.0283674 0.0184272 3.86078e-18 22
166 -0.0340909 0.0221453 3.45671e-18 22
168 -0.0415112 0.026966 3.0358e-18 22
170 -0.0515529 0.0334898 2.6001e-18 22
190 0.0979255 10.9364 2.08206e-18 22
192 0.0827188 10.9462 2.53216e-18 22
194 0.0723605 10.953 2.96994e-18 22
196 0.0648674 10.9578 3.39325e-18 22
198 0.0592842 10.9615 3.80005e-18 22
200 0.0549499 10.9643 4.18833e-18 22
202 0.0514237 10.9666 4.55622e-18 22
204 0.0486322 10.9684 4.9019e-18 22
206 0.0464283 10.9699 5.22371e-18 22
208 0.0445183 10.9711 5.52008e-18 22
210 0.0429755 10.9721 5.78955e-18 22
212 0.0418001 10.9729 6.03082e-18 22
214 0.0407717 10.9735 6.2427e-18 22
216 0.0400371 10.974 6.42418e-18 22
218 0.0393759 10.9744 6.57435e-18 22
220 0.0389351 10.9747 6.6925e-18 22
222 0.0386413 10.9749 6.77805e-18 22
224 0.0384943 10.975 6.83058e-18 22
226 0.0384943 10.975 6.84982e-18 22
228 0.0386413 10.9749 6.8357e-18 22
230 0.0389351 10.9747 6.78828e-18 22
232 0.0393759 10.9744 6.70779e-18 22
234 0.0399636 10.9741 6.59461e-18 22
236 0.0406982 10.9736 6.44931e-18 22
238 0.0416532 10.9729 6.2726e-18 22
240 0.0428286 10.9722 6.06532e-18 22
242 0.0442244 10.9713 5.8285e-18 22
244 0.0459875 10.9701 5.56328e-18 22
246 0.0480445 10.9688 5.27096e-18 22
248 0.0505422 10.9671 4.95296e-18 22
250 0.0537011 10.9651 4.61084e-18 22
252 0.0574477 10.9627 4.24626e-18 22
254 0.0622962 10.9596 3.86099e-18 22
256 0.0683936 10.9556 3.45692e-18 22
258 0.0764744 10.9503 3.03602e-18 22
260 0.0874938 10.9431 2.60033e-18 22
280 -0.0807103 0.052435 2.08195e-18 22
282 -0.0635161 0.0412626 2.53204e-18 22
284 -0.0516596 0.0335588 2.9698e-18 22
286 -0.0429761 0.0279174 3.39312e-18 22
288 -0.0363292 0.0235994 3.7999e-18 22
290 -0.0310644 0.0201793 4.18818e-18 22
292 -0.0267784 0.0173947 4.55606e-18 22
294 -0.0232063 0.0150745 4.90175e-18 22
296 -0.0201704 0.0131024 5.22356e-18 22
298 -0.0175444 0.0113965 5.51992e-18 22
300 -0.015236 0.00989702 5.78939e-18 22
302 -0.0131765 0.00855925 6.03065e-18 22
304 -0.0113132 0.0073488 6.24254e-18 22
306 -0.00960411 0.00623855 6.42401e-18 22
308 -0.00801545 0.00520659 6.57419e-18 22
310 -0.00651944 0.00423469 6.69233e-18 22
312 -0.00509142 0.00330727 6.77788e-18 22
314 -0.00371102 0.0024106 6.8304e-18 22
316 -0.00235844 0.00153209 6.84965e-18 22
318 -0.00101599 0.000659861 6.83553e-18 22
320 0.000335307 -0.000217852 6.7881e-18 22
322 0.00171369 -0.00111311 6.70761e-18 22
324 0.00313885 -0.00203879 6.59443e-18 22
326 0.00463244 -0.0030092 6.44913e-18 22
328 0.00622053 -0.00404073 6.27241e-18 22
330 0.00793262 -0.00515284 6.06514e-18 22
332 0.00980527 -0.00636927 5.82831e-18 22
334 0.0118845 -0.00771986 5.56309e-18 22
336 0.0142292 -0.00924308 5.27077e-18 22
338 0.0169187 -0.01099 4.95277e-18 22
340 0.0200591 -0.0130301 4.61064e-18 22
342 0.0238021 -0.0154614 4.24606e-18 22
344 0.0283674 -0.0184271 3.86078e-18 22
346 0.0340912 -0.0221452 3.45671e-18 22
348 0.041511 -0.0269659 3.0358e-18 22
350 0.0515537 -0.0334898 2.60011e-18 22


