0 0 5 1.09903e-17 10
2 0 5 1.09962e-17 10
4 0 5 1.10141e-17 10
6 0 5 1.10437e-17 10
8 0 5 1.10851e-17 10
10 0 5 1.11379e-17 10
12 0 5 1.12018e-17 10
14 0 5 1.12767e-17 10
16 0 5 1.13621e-17 10
18 0 5 1.14577e-17 10
20 0 5 1.15628e-17 10
22 0 5 1.16772e-17 10
24 0 5 1.18e-17 10
26 0 5 1.19309e-17 10
28 0 5 1.20691e-17 10
30 0 5 1.2214e-17 10
32 0 5 1.23648e-17 10
34 0 5 1.25209e-17 10
36 0 5 1.26814e-17 10
38 0 5 1.28456e-17 10
40 0 5 1.30127e-17 10
42 0 5 1.31819e-17 10
44 0 5 1.33523e-17 10
46 0 5 1.35231e-17 10
48 0 5 1.36935e-17 10
50 0 5 1.38627e-17 10
52 0 5 1.40298e-17 10
54 0 5 1.4194e-17 10
56 0 5 1.43545e-17 10
58 0 5 1.45106e-17 10
60 0 5 1.46614e-17 10
62 0 5 1.48063e-17 10
64 0 5 1.49445e-17 10
66 0 5 1.50753e-17 10
68 0 5 1.51982e-17 10
70 0 5 1.53125e-17 10
72 0 5 1.54177e-17 10
74 0 5 1.55132e-17 10
76 0 5 1.55986e-17 10
78 0 5 1.56735e-17 10
80 0 5 1.57375e-17 10
82 0 5 1.57903e-17 10
84 0 5 1.58316e-17 10
86 0 5 1.58613e-17 10
88 0 5 1.58792e-17 10
90 0 5 1.58851e-17 10
92 0 5 1.58792e-17 10
94 0 5 1.58613e-17 10
96 0 5 1.58316e-17 10
98 0 5 1.57903e-17 10
100 0 5 1.57375e-17 10
102 0 5 1.56735e-17 10
104 0 5 1.55986e-17 10
106 0 5 1.55132e-17 10
108 0 5 1.54177e-17 10
110 0 5 1.53125e-17 10
112 0 5 1.51982e-17 10
114 0 5 1.50753e-17 10
116 0 5 1.49445e-17 10
118 0 5 1.48063e-17 10
120 0 5 1.46614e-17 10
122 0 5 1.45106e-17 10
124 0 5 1.43545e-17 10
126 0 5 1.4194e-17 10
128 0 5 1.40298e-17 10
130 0 5 1.38627e-17 10
132 0 5 1.36935e-17 10
134 0 5 1.35231e-17 10
136 0 5 1.33523e-17 10
138 0 5 1.31819e-17 10
140 0 5 1.30127e-17 10
142 0 5 1.28456e-17 10
144 0 5 1.26814e-17 10
146 0 5 1.25209e-17 10
148 0 5 1.23648e-17 10
150 0 5 1.2214e-17 10
152 0 5 1.20691e-17 10
154 0 5 1.19309e-17 10
156 0 5 1.18e-17 10
158 0 5 1.16771e-17 10
160 0 5 1.15628e-17 10
162 0 5 1.14577e-17 10
164 0 5 1.13621e-17 10
166 0 5 1.12767e-17 10
168 0 5 1.12018e-17 10
170 0 5 1.11379e-17 10
172 0 5 1.10851e-17 10
174 0 5 1.10437e-17 10
176 0 5 1.10141e-17 10
178 0 5 1.09962e-17 10
180 0 5 1.09903e-17 10
182 0 5 1.09962e-17 10
184 0 5 1.10141e-17 10
186 0 5 1.10437e-17 10
188 0 5 1.10851e-17 10
190 0 5 1.11379e-17 10
192 0 5 1.12018e-17 10
194 0 5 1.12767e-17 10
196 0 5 1.13621e-17 10
198 0 5 1.14577e-17 10
200 0 5 1.15628e-17 10
202 0 5 1.16772e-17 10
204 0 5 1.18e-17 10
206 0 5 1.19309e-17 10
208 0 5 1.20691e-17 10
210 0 5 1.2214e-17 10
212 0 5 1.23648e-17 10
214 0 5 1.25209e-17 10
216 0 5 1.26814e-17 10
218 0 5 1.28456e-17 10
220 0 5 1.30127e-17 10
222 0 5 1.31819e-17 10
224 0 5 1.33523e-17 10
226 0 5 1.35231e-17 10
228 0 5 1.36935e-17 10
230 0 5 1.38627e-17 10
232 0 5 1.40298e-17 10
234 0 5 1.4194e-17 10
236 0 5 1.43545e-17 10
238 0 5 1.45106e-17 10
240 0 5 1.46614e-17 10
242 0 5 1.48063e-17 10
244 0 5 1.49445e-17 10
246 0 5 1.50753e-17 10
248 0 5 1.51982e-17 10
250 0 5 1.53125e-17 10
252 0 5 1.54177e-17 10
254 0 5 1.55132e-17 10
256 0 5 1.55986e-17 10
258 0 5 1.56735e-17 10
260 0 5 1.57375e-17 10
262 0 5 1.57903e-17 10
264 0 5 1.58316e-17 10
266 0 5 1.58613e-17 10
268 0 5 1.58792e-17 10
270 0 5 1.58851e-17 10
272 0 5 1.58792e-17 10
274 0 5 1.58613e-17 10
276 0 5 1.58316e-17 10
278 0 5 1.57903e-17 10
280 0 5 1.57375e-17 10
282 0 5 1.56735e-17 10
284 0 5 1.55986e-17 10
286 0 5 1.55132e-17 10
288 0 5 1.54177e-17 10
290 0 5 1.53125e-17 10
292 0 5 1.51982e-17 10
294 0 5 1.50753e-17 10
296 0 5 1.49445e-17 10
298 0 5 1.48063e-17 10
300 0 5 1.46614e-17 10
302 0 5 1.45106e-17 10
304 0 5 1.43545e-17 10
306 0 5 1.4194e-17 10
308 0 5 1.40298e-17 10
310 0 5 1.38627e-17 10
312 0 5 1.36935e-17 10
314 0 5 1.35231e-17 10
316 0 5 1.33523e-17 10
318 0 5 1.31819e-17 10
320 0 5 1.30127e-17 10
322 0 5 1.28456e-17 10
324 0 5 1.26814e-17 10
326 0 5 1.25209e-17 10
328 0 5 1.23648e-17 10
330 0 5 1.2214e-17 10
332 0 5 1.20691e-17 10
334 0 5 1.19309e-17 10
336 0 5 1.18e-17 10
338 0 5 1.16772e-17 10
340 0 5 1.15628e-17 10
342 0 5 1.14577e-17 10
344 0 5 1.13621e-17 10
346 0 5 1.12767e-17 10
348 0 5 1.12018e-17 10
350 0 5 1.11379e-17 10
352 0 5 1.10851e-17 10
354 0 5 1.10437e-17 10
356 0 5 1.10141e-17 10
358 0 5 1.09962e-17 10
360 0 5 1.09903e-17 10


0 0 8 6.78831e-18 16
2 0 8 6.7869e-18 16
4 0 8 6.78269e-18 16
6 0 8 6.77569e-18 16
8 0 8 6.76595e-18 16
10 0 8 6.7535e-18 16
12 0 8 6.73841e-18 16
14 0 8 6.72075e-18 16
16 0 8 6.70061e-18 16
18 0 8 6.67809e-18 16
20 0 8 6.65329e-18 16
22 0 8 6.62634e-18 16
24 0 8 6.59736e-18 16
26 0 8 6.5665e-18 16
28 0 8 6.53391e-18 16
30 0 8 6.49975e-18 16
32 0 8 6.46419e-18 16
34 0 8 6.42739e-18 16
36 0 8 6.38954e-18 16
38 0 8 6.35082e-18 16
40 0 8 6.31142e-18 16
42 0 8 6.27153e-18 16
44 0 8 6.23134e-18 16
46 0 8 6.19106e-18 16
48 0 8 6.15088e-18 16
50 0 8 6.11099e-18 16
52 0 8 6.07159e-18 16
54 0 8 6.03287e-18 16
56 0 8 5.99502e-18 16
58 0 8 5.95822e-18 16
60 0 8 5.92265e-18 16
62 0 8 5.88849e-18 16
64 0 8 5.8559e-18 16
66 0 8 5.82505e-18 16
68 0 8 5.79607e-18 16
70 0 8 5.76912e-18 16
72 0 8 5.74432e-18 16
74 0 8 5.72179e-18 16
76 0 8 5.70165e-18 16
78 -0 8 5.68399e-18 16
80 -3.88562e-05 8 5.6689e-18 16
82 -3.88562e-05 8 5.65646e-18 16
84 0 8 5.64671e-18 16
86 0 8 5.63972e-18 16
88 0 8 5.63551e-18 16
90 0 8 5.6341e-18 16
92 0 8 5.63551e-18 16
94 0 8 5.63972e-18 16
96 0 8 5.64671e-18 16
98 0 8 5.65646e-18 16
100 0 8 5.6689e-18 16
102 0 8 5.68399e-18 16
104 0 8 5.70165e-18 16
106 0 8 5.72179e-18 16
108 0 8 5.74432e-18 16
110 0 8 5.76912e-18 16
112 0 8 5.79607e-18 16
114 0 8 5.82505e-18 16
116 0 8 5.8559e-18 16
118 0 8 5.88849e-18 16
120 0 8 5.92265e-18 16
122 0 8 5.95822e-18 16
124 0 8 5.99502e-18 16
126 0 8 6.03287e-18 16
128 0 8 6.07159e-18 16
130 0 8 6.11099e-18 16
132 0 8 6.15088e-18 16
134 0 8 6.19106e-18 16
136 0 8 6.23134e-18 16
138 0 8 6.27153e-18 16
140 0 8 6.31142e-18 16
142 0 8 6.35082e-18 16
144 0 8 6.38954e-18 16
146 0 8 6.42739e-18 16
148 0 8 6.46419e-18 16
150 0 8 6.49975e-18 16
152 0 8 6.53391e-18 16
154 0 8 6.5665e-18 16
156 -0 8 6.59736e-18 16
158 -3.88562e-05 8 6.62634e-18 16
160 0 8 6.65329e-18 16
162 0 8 6.67809e-18 16
164 0 8 6.70061e-18 16
166 0 8 6.72075e-18 16
168 0 8 6.73841e-18 16
170 0 8 6.7535e-18 16
172 0 8 6.76595e-18 16
174 0 8 6.77569e-18 16
176 0 8 6.78269e-18 16
178 0 8 6.7869e-18 16
180 0 8 6.78831e-18 16
182 0 8 6.7869e-18 16
184 0 8 6.78269e-18 16
186 0 8 6.77569e-18 16
188 0 8 6.76595e-18 16
190 0 8 6.7535e-18 16
192 0 8 6.73841e-18 16
194 0 8 6.72075e-18 16
196 0 8 6.70061e-18 16
198 0 8 6.67809e-18 16
200 0 8 6.65329e-18 16
202 0 8 6.62634e-18 16
204 0 8 6.59736e-18 16
206 0 8 6.5665e-18 16
208 0 8 6.53391e-18 16
210 0 8 6.49975e-18 16
212 0 8 6.46419e-18 16
214 0 8 6.42739e-18 16
216 0 8 6.38954e-18 16
218 0 8 6.35082e-18 16
220 0 8 6.31142e-18 16
222 0 8 6.27153e-18 16
224 0 8 6.23134e-18 16
226 0 8 6.19106e-18 16
228 0 8 6.15088e-18 16
230 0 8 6.11099e-18 16
232 0 8 6.07159e-18 16
234 0 8 6.03287e-18 16
236 0 8 5.99502e-18 16
238 0 8 5.95822e-18 16
240 0 8 5.92265e-18 16
242 0 8 5.88849e-18 16
244 0 8 5.8559e-18 16
246 0 8 5.82505e-18 16
248 0 8 5.79607e-18 16
250 0 8 5.76912e-18 16
252 0 8 5.74432e-18 16
254 0 8 5.72179e-18 16
256 0 8 5.70165e-18 16
258 0 8 5.68399e-18 16
260 3.88562e-05 8 5.6689e-18 16
262 3.88562e-05 8 5.65646e-18 16
264 0 8 5.64671e-18 16
266 0 8 5.63972e-18 16
268 0 8 5.63551e-18 16
270 0 8 5.6341e-18 16
272 0 8 5.63551e-18 16
274 0 8 5.63972e-18 16
276 0 8 5.64671e-18 16
278 0 8 5.65646e-18 16
280 0 8 5.6689e-18 16
282 0 8 5.68399e-18 16
284 0 8 5.70165e-18 16
286 0 8 5.72179e-18 16
288 0 8 5.74432e-18 16
290 0 8 5.76912e-18 16
292 0 8 5.79607e-18 16
294 0 8 5.82505e-18 16
296 0 8 5.8559e-18 16
298 0 8 5.88849e-18 16
300 0 8 5.92265e-18 16
302 0 8 5.95822e-18 16
304 0 8 5.99502e-18 16
306 0 8 6.03287e-18 16
308 0 8 6.07159e-18 16
310 0 8 6.11099e-18 16
312 0 8 6.15088e-18 16
314 0 8 6.19106e-18 16
316 0 8 6.23134e-18 16
318 0 8 6.27153e-18 16
320 0 8 6.31142e-18 16
322 0 8 6.35082e-18 16
324 0 8 6.38954e-18 16
326 0 8 6.42739e-18 16
328 0 8 6.46419e-18 16
330 0 8 6.49975e-18 16
332 0 8 6.53391e-18 16
334 0 8 6.5665e-18 16
336 0 8 6.59736e-18 16
338 3.88562e-05 8 6.62634e-18 16
340 0 8 6.65329e-18 16
342 0 8 6.67809e-18 16
344 0 8 6.70061e-18 16
346 0 8 6.72075e-18 16
348 0 8 6.73841e-18 16
350 0 8 6.7535e-18 16
352 0 8 6.76595e-18 16
354 0 8 6.77569e-18 16
356 0 8 6.78269e-18 16
358 0 8 6.7869e-18 16
360 0 8 6.78831e-18 16


0 0 11 3.1898e-18 22
2 0 11 3.185e-18 22
4 0 11 3.17061e-18 22
6 0 11 3.14672e-18 22
8 0 11 3.11343e-18 22
10 0 11 3.07091e-18 22
12 0 11 3.01937e-18 22
14 0 11 2.95905e-18 22
16 0 11 2.89025e-18 22
18 0 11 2.81331e-18 22
20 0 11 2.7286e-18 22
22 0 11 2.63653e-18 22
24 0 11 2.53755e-18 22
26 0 11 2.43215e-18 22
28 0 11 2.32083e-18 22
30 0 11 2.20414e-18 22
32 0 11 2.08265e-18 22
34 0 11 1.95695e-18 22
36 0 11 1.82766e-18 22
38 0 11 1.69539e-18 22
40 0 11 1.5608e-18 22
42 0 11 1.42455e-18 22
44 0 11 1.28728e-18 22
46 -0 11 1.14969e-18 22
48 -7.34625e-05 11 1.01243e-18 22
50 0 11 8.76173e-19 22
52 0 11 7.41583e-19 22
74 -0.000146925 22 4.53279e-19 22
76 -0.000146925 22 5.22077e-19 22
78 -0.000146925 22 5.82394e-19 22
80 -0.000146925 22 6.33938e-19 22
82 -0.000146925 22 6.76457e-19 22
84 -0.000146925 22 7.09745e-19 22
86 -0.000146925 22 7.33638e-19 22
88 -0.000146925 22 7.48021e-19 22
90 -0.000146925 22 7.52823e-19 22
92 -0.000146925 22 7.48021e-19 22
94 -0.000146925 22 7.33638e-19 22
96 -0.000146925 22 7.09744e-19 22
98 -0.000146925 22 6.76457e-19 22
100 -0.000146925 22 6.33937e-19 22
102 -0.00029385 22 5.82394e-19 22
104 -0.00029385 22 5.22076e-19 22
126 -0.000146925 11 6.0932e-19 22
128 -0.000146925 11 7.41585e-19 22
130 -7.34625e-05 11 8.76175e-19 22
132 0 11 1.01243e-18 22
134 0 11 1.14969e-18 22
136 -0 11 1.28729e-18 22
138 -7.34625e-05 11 1.42455e-18 22
140 0 11 1.5608e-18 22
142 0 11 1.69539e-18 22
144 0 11 1.82766e-18 22
146 0 11 1.95695e-18 22
148 0 11 2.08265e-18 22
150 0 11 2.20414e-18 22
152 0 11 2.32083e-18 22
154 0 11 2.43215e-18 22
156 0 11 2.53755e-18 22
158 0 11 2.63653e-18 22
160 0 11 2.7286e-18 22
162 0 11 2.81331e-18 22
164 0 11 2.89025e-18 22
166 0 11 2.95905e-18 22
168 -0 11 3.01937e-18 22
170 -7.34625e-05 11 3.07091e-18 22
172 0 11 3.11343e-18 22
174 0 11 3.14672e-18 22
176 0 11 3.17061e-18 22
178 0 11 3.185e-18 22
180 0 11 3.1898e-18 22
182 0 11 3.185e-18 22
184 0 11 3.17061e-18 22
186 0 11 3.14672e-18 22
188 0 11 3.11343e-18 22
190 0 11 3.07091e-18 22
192 0 11 3.01937e-18 22
194 0 11 2.95905e-18 22
196 0 11 2.89025e-18 22
198 0 11 2.81331e-18 22
200 0 11 2.7286e-18 22
202 0 11 2.63653e-18 22
204 0 11 2.53755e-18 22
206 0 11 2.43215e-18 22
208 0 11 2.32083e-18 22
210 0 11 2.20414e-18 22
212 0 11 2.08265e-18 22
214 0 11 1.95695e-18 22
216 0 11 1.82766e-18 22
218 0 11 1.69539e-18 22
220 0 11 1.5608e-18 22
222 0 11 1.42455e-18 22
224 0 11 1.28729e-18 22
226 0 11 1.14969e-18 22
228 7.34625e-05 11 1.01243e-18 22
230 0 11 8.76173e-19 22
232 0 11 7.41584e-19 22
254 0.000206964 2.51463e-06 4.53279e-19 22
256 0.000158671 2.27692e-06 5.22076e-19 22
258 0.000131182 2.12257e-06 5.82394e-19 22
260 0.000114367 2.02246e-06 6.33938e-19 22
262 0.000103823 1.96094e-06 6.76457e-19 22
264 9.73949e-05 1.92922e-06 7.09745e-19 22
266 9.39662e-05 1.9224e-06 7.33638e-19 22
268 9.29728e-05 1.93808e-06 7.48021e-19 22
270 9.41953e-05 1.97568e-06 7.52823e-19 22
272 9.76806e-05 2.03622e-06 7.48021e-19 22
274 0.000103742 2.1224e-06 7.33638e-19 22
276 0.000113034 2.239e-06 7.09745e-19 22
278 0.000126735 2.39369e-06 6.76457e-19 22
280 0.000146948 2.59862e-06 6.33938e-19 22
282 0.000177591 2.87348e-06 5.82394e-19 22
284 0.000226594 3.2516e-06 5.22076e-19 22
306 0.000146925 11 6.0932e-19 22
308 0.000146925 11 7.41585e-19 22
310 7.34625e-05 11 8.76173e-19 22
312 0 11 1.01243e-18 22
314 0 11 1.14969e-18 22
316 0 11 1.28729e-18 22
318 7.34625e-05 11 1.42455e-18 22
320 0 11 1.5608e-18 22
322 0 11 1.69539e-18 22
324 0 11 1.82766e-18 22
326 0 11 1.95695e-18 22
328 0 11 2.08265e-18 22
330 0 11 2.20414e-18 22
332 0 11 2.32083e-18 22
334 0 11 2.43215e-18 22
336 0 11 2.53755e-18 22
338 0 11 2.63653e-18 22
340 0 11 2.7286e-18 22
342 0 11 2.81331e-18 22
344 0 11 2.89025e-18 22
346 0 11 2.95905e-18 22
348 0 11 3.01937e-18 22
350 7.34625e-05 11 3.07091e-18 22
352 0 11 3.11343e-18 22
354 0 11 3.14672e-18 22
356 0 11 3.17061e-18 22
358 0 11 3.185e-18 22
360 0 11 3.1898e-18 22


