### 1 periods read in. ###
### Input Focal info = (10 1 180 45 90). ###
   2.00000000       3.14159274               1
   2.09999990       3.14159274               1
   2.20000005       3.14159274               1
   2.29999995       3.14159274               1
   2.40000010       3.14159274               1
   2.50000000       3.14159274               1
   2.59999895       3.14159274               1
   2.69999909       3.14159274               1
   2.79999900       3.14159274               1
   2.89999890       3.14159274               1
   2.99999905       3.14159274               1
   3.09999895       3.14159274               1
   3.19999909       3.14159274               1
   3.29999900       3.14159274               1
   3.39999890       3.14159274               1
   3.49999905       3.14159274               1
   3.59999800       3.14159274               1
   3.69999790       3.14159274               1
   3.79999804       3.14159274               1
   3.89999795       3.14159274               1
   3.99999809       3.14159274               1
   4.09999800       3.14159274               1
   4.19999790       3.14159274               1
   4.29999781       3.14159274               1
   4.39999819       3.14159274               1
   4.49999809       3.14159274               1
   4.59999800       3.14159274               1
   4.69999695       3.14159274               1
   4.79999685       3.14159274               1
   4.89999723       3.14159274               1
   4.99999714       3.14159274               1
   5.09999704       3.14159274               1
   5.19999695       3.14159274               1
   5.29999685       3.14159274               1
   5.39999723       3.14159274               1
   5.49999714       3.14159274               1
   5.59999704       3.14159274               1
   5.69999599       3.14159274               1
   5.79999590       3.14159274               1
   5.89999580       3.14159274               1
   5.99999619       3.14159274               1
   6.09999609       3.14159274               1
   6.19999599       3.14159274               1
   6.29999590       3.14159274               1
   6.39999580       3.14159274               1
   6.49999619       3.14159274               1
   6.59999609       3.14159274               1
   6.69999599       3.14159274               1
   6.79999495       3.14159274               1
   6.89999485       3.14159274               1
   6.99999523       3.14159274               1
   7.09999514       3.14159274               1
   7.19999504       3.14159274               1
   7.29999495       3.14159274               1
   7.39999485       3.14159274               1
   7.49999523       3.14159274               1
   7.59999514       3.14159274               1
   7.69999504       3.14159274               1
   7.79999399       3.14159274               1
   7.89999390       3.14159274               1
   7.99999380       3.14159274               1
   8.09999466       3.14159274               1
   8.19999504       3.14159274               1
   8.29999542       3.14159274               1
   8.39999580       3.14159274               1
   8.49999619       3.14159274               1
   8.59999657       3.14159274               1
   8.69999695       3.14159274               1
   8.79999733       3.14159274               1
   8.89999771       3.14159274               1
   8.99999809       3.14159274               1
   9.09999847       3.14159274               1
   9.19999886       3.14159274               1
   9.29999924       3.14159274               1
   9.39999962       3.14159274               1
   9.50000000       3.14159274               1
   9.60000038       3.14159274               1
   9.70000076       3.14159274               1
   9.80000114       3.14159274               1
   9.90000153       3.14159274               1
   10.0000000       3.14159274               1
   10.1000004       3.14159274               1
   10.1999998       3.14159274               1
   10.3000002       3.14159274               1
   10.3999996       3.14159274               1
   10.5000000       3.14159274               1
   10.6000004       3.14159274               1
   10.6999998       3.14159274               1
   10.8000002       3.14159274               1
   10.9000101       3.14159274               1
   11.0000095       3.14159274               1
   11.1000099       3.14159274               1
   11.2000103       3.14159274               1
   11.3000097       3.14159274               1
   11.4000101       3.14159274               1
   11.5000095       3.14159274               1
   11.6000099       3.14159274               1
   11.7000103       3.14159274               1
   11.8000097       3.14159274               1
   11.9000101       3.14159274               1
   12.0000095       3.14159274               1
   12.1000099       3.14159274               1
   12.2000103       3.14159274               1
   12.3000097       3.14159274               1
   12.4000101       3.14159274               1
   12.5000095       3.14159274               1
   12.6000099       3.14159274               1
   12.7000103       3.14159274               1
   12.8000097       3.14159274               1
   12.9000101       3.14159274               1
   13.0000095       3.14159274               1
   13.1000099       3.14159274               1
   13.2000103       3.14159274               1
   13.3000097       3.14159274               1
   13.4000101       3.14159274               1
   13.5000200       3.14159274               1
   13.6000204       3.14159274               1
   13.7000198       3.14159274               1
   13.8000202       3.14159274               1
   13.9000196       3.14159274               1
   14.0000200       3.14159274               1
   14.1000204       3.14159274               1
   14.2000198       3.14159274               1
   14.3000202       3.14159274               1
   14.4000196       3.14159274               1
   14.5000200       3.14159274               1
   14.6000204       3.14159274               1
   14.7000198       3.14159274               1
   14.8000202       3.14159274               1
   14.9000196       3.14159274               1
   15.0000200       3.14159274               1
   15.1000204       3.14159274               1
   15.2000198       3.14159274               1
   15.3000202       3.14159274               1
   15.4000196       3.14159274               1
   15.5000200       3.14159274               1
   15.6000204       3.14159274               1
   15.7000198       3.14159274               1
   15.8000202       3.14159274               1
   15.9000196       3.14159274               1
   16.0000191       3.14159274               1
   16.1000309       3.14159274               1
   16.2000294       3.14159274               1
   16.3000298       3.14159274               1
   16.4000301       3.14159274               1
   16.5000305       3.14159274               1
   16.6000309       3.14159274               1
   16.7000294       3.14159274               1
   16.8000298       3.14159274               1
   16.9000301       3.14159274               1
   17.0000305       3.14159274               1
   17.1000309       3.14159274               1
   17.2000294       3.14159274               1
   17.3000298       3.14159274               1
   17.4000301       3.14159274               1
   17.5000305       3.14159274               1
   17.6000309       3.14159274               1
   17.7000294       3.14159274               1
   17.8000298       3.14159274               1
   17.9000301       3.14159274               1
   18.0000305       3.14159274               1
   18.1000309       3.14159274               1
   18.2000294       3.14159274               1
   18.3000298       3.14159274               1
   18.4000301       3.14159274               1
   18.5000305       3.14159274               1
   18.6000309       3.14159274               1
   18.7000408       3.14159274               1
   18.8000393       3.14159274               1
   18.9000397       3.14159274               1
   19.0000401       3.14159274               1
   19.1000404       3.14159274               1
   19.2000408       3.14159274               1
   19.3000393       3.14159274               1
   19.4000397       3.14159274               1
   19.5000401       3.14159274               1
   19.6000404       3.14159274               1
   19.7000408       3.14159274               1
   19.8000393       3.14159274               1
   19.9000397       3.14159274               1
   20.0000401       3.14159274               1
   20.1000404       3.14159274               1
   20.2000408       3.14159274               1
   20.3000393       3.14159274               1
   20.4000397       3.14159274               1
   20.5000401       3.14159274               1
   20.6000404       3.14159274               1
   20.7000408       3.14159274               1
   20.8000393       3.14159274               1
   20.9000397       3.14159274               1
   21.0000401       3.14159274               1
   21.1000404       3.14159274               1
   21.2000408       3.14159274               1
   21.3000507       3.14159274               1
   21.4000492       3.14159274               1
   21.5000496       3.14159274               1
   21.6000500       3.14159274               1
   21.7000504       3.14159274               1
   21.8000507       3.14159274               1
   21.9000492       3.14159274               1
   22.0000496       3.14159274               1
   22.1000500       3.14159250               1
   22.2000504       3.14159250               1
   22.3000507       3.14159250               1
   22.4000492       3.14159250               1
   22.5000496       3.14159250               1
   22.6000500       3.14159250               1
   22.7000504       3.14159250               1
   22.8000507       3.14159250               1
   22.9000492       3.14159250               1
   23.0000496       3.14159250               1
   23.1000500       3.14159250               1
   23.2000504       3.14159250               1
   23.3000507       3.14159250               1
   23.4000492       3.14159226               1
   23.5000496       3.14159226               1
   23.6000500       3.14159226               1
   23.7000504       3.14159203               1
   23.8000507       3.14159155               1
   23.9000492       3.14159012               1
   24.0000591       1.40728171E-05           1
   24.1000595       1.88561751E-06           1
   24.2000599       1.00974023E-06           1
   24.3000603       6.88717535E-07           1
   24.4000607       5.22415178E-07           1
   24.5000591       4.20546172E-07           1
   24.6000595       3.51815288E-07           1
   24.7000599       3.02289379E-07           1
   24.8000603       2.64940496E-07           1
   24.9000607       2.35763764E-07           1
   25.0000591       2.12309104E-07           1
   25.1000595       1.93098799E-07           1
   25.2000599       1.77037904E-07           1
   25.3000603       1.63427728E-07           1
   25.4000607       1.51736756E-07           1
   25.5000591       1.41598761E-07           1
   25.6000595       1.32717091E-07           1
   25.7000599       1.24879236E-07           1
   25.8000603       1.17899852E-07           1
   25.9000607       1.11656178E-07           1
   26.0000591       1.06033177E-07           1
   26.1000595       1.00947041E-07           1
   26.2000599       9.63145794E-08           1
   26.3000603       9.20925771E-08           1
   26.4000607       8.82173197E-08           1
   26.5000591       8.46546939E-08           1
   26.6000710       8.13663519E-08           1
   26.7000694       7.83217757E-08           1
   26.8000698       7.54940928E-08           1
   26.9000702       7.28615248E-08           1
   27.0000706       7.04054131E-08           1
   27.1000710       6.81068499E-08           1
   27.2000694       6.59547794E-08           1
   27.3000698       6.39344861E-08           1
   27.4000702       6.20290592E-08           1
   27.5000706       6.02373973E-08           1
   27.6000710       5.85444759E-08           1
   27.7000694       5.69429623E-08           1
   27.8000698       5.54268169E-08           1
   27.9000702       5.39886607E-08           1
   28.0000706       5.26235837E-08           1
   28.1000710       5.13261824E-08           1
   28.2000694       5.00896462E-08           1
   28.3000698       4.89115166E-08           1
   28.4000702       4.77891540E-08           1
   28.5000706       4.67142023E-08           1
   28.6000710       4.56885410E-08           1
   28.7000694       4.47069084E-08           1
   28.8000698       4.37671090E-08           1
   28.9000702       4.28648548E-08           1
   29.0000706       4.19998898E-08           1
   29.1000710       4.11685477E-08           1
   29.2000809       4.03701677E-08           1
   29.3000793       3.96024795E-08           1
   29.4000797       3.88629431E-08           1
   29.5000801       3.81509473E-08           1
   29.6000805       3.74646554E-08           1
   29.7000809       3.68032786E-08           1
   29.8000793       3.61651473E-08           1
   29.9000797       3.55479415E-08           1
   30.0000801       3.49525990E-08           1
   30.1000805       3.43763240E-08           1
   30.2000809       3.38194255E-08           1
   30.3000793       3.32809158E-08           1
   30.4000797       3.27587735E-08           1
   30.5000801       3.22531832E-08           1
   30.6000805       3.17629016E-08           1
   30.7000809       3.12877440E-08           1
   30.8000793       3.08266515E-08           1
   30.9000797       3.03791623E-08           1
   31.0000801       2.99451450E-08           1
   31.1000805       2.95233686E-08           1
   31.2000809       2.91127922E-08           1
   31.3000793       2.87146822E-08           1
   31.4000797       2.83266139E-08           1
   31.5000801       2.79498558E-08           1
   31.6000805       2.75827805E-08           1
   31.7000809       2.72253171E-08           1
   31.8000908       2.68777995E-08           1
   31.9000893       2.65382010E-08           1
   32.0000801       2.62079674E-08           1
   32.1000786       2.58859778E-08           1
   32.2000809       2.55719037E-08           1
   32.3000793       2.52654786E-08           1
   32.4000816       2.49667611E-08           1
   32.5000801       2.46748080E-08           1
   32.6000710       2.43896263E-08           1
   32.7000694       2.41117242E-08           1
   32.8000717       2.38398972E-08           1
   32.9000702       2.35743869E-08           1
   33.0000687       2.33149144E-08           1
   33.1000710       2.30611921E-08           1
   33.2000694       2.28131469E-08           1
   33.3000603       2.25702692E-08           1
   33.4000587       2.23330812E-08           1
   33.5000610       2.21005649E-08           1
   33.6000595       2.18730865E-08           1
   33.7000618       2.16505551E-08           1
   33.8000603       2.14322426E-08           1
   33.9000511       2.12188169E-08           1
   34.0000496       2.10095514E-08           1
   34.1000519       2.08046274E-08           1
   34.2000504       2.06035171E-08           1
   34.3000488       2.04068940E-08           1
   34.4000511       2.02135961E-08           1
   34.5000496       2.00244621E-08           1
   34.6000404       1.98383496E-08           1
   34.7000389       1.96560173E-08           1
   34.8000412       1.94773424E-08           1
   34.9000397       1.93019911E-08           1
   35.0000381       1.91297946E-08           1
   35.1000404       1.89604936E-08           1
   35.2000389       1.87946441E-08           1
   35.3000298       1.86316083E-08           1
   35.4000282       1.84711872E-08           1
   35.5000305       1.83140703E-08           1
   35.6000290       1.81596249E-08           1
   35.7000313       1.80076452E-08           1
   35.8000298       1.78581505E-08           1
   35.9000206       1.77115371E-08           1
   36.0000191       1.75674444E-08           1
   36.1000214       1.74254176E-08           1
   36.2000198       1.72857977E-08           1
   36.3000183       1.71487056E-08           1
   36.4000206       1.70137664E-08           1
   36.5000191       1.68809571E-08           1
   36.6000099       1.67501284E-08           1
   36.7000084       1.66217173E-08           1
   36.8000107       1.64950595E-08           1
   36.9000092       1.63705440E-08           1
   37.0000114       1.62480038E-08           1
   37.1000099       1.61271210E-08           1
   37.2000008       1.60083520E-08           1
   37.2999992       1.58910360E-08           1
   37.4000015       1.57756457E-08           1
   37.5000000       1.56619642E-08           1
   37.5999985       1.55502722E-08           1
   37.7000008       1.54397863E-08           1
   37.7999992       1.53313078E-08           1
   37.8999901       1.52240442E-08           1
   37.9999886       1.51184558E-08           1
   38.0999908       1.50144253E-08           1
   38.1999893       1.49118744E-08           1
   38.2999916       1.48106425E-08           1
   38.3999901       1.47109187E-08           1
   38.4999809       1.46125130E-08           1
   38.5999794       1.45155488E-08           1
   38.6999817       1.44197942E-08           1
   38.7999802       1.43254502E-08           1
   38.8999786       1.42322092E-08           1
   38.9999809       1.41403822E-08           1
   39.0999794       1.40496148E-08           1
   39.1999702       1.39600136E-08           1
   39.2999687       1.38716922E-08           1
   39.3999710       1.37846943E-08           1
   39.4999695       1.36984477E-08           1
   39.5999718       1.36136382E-08           1
   39.6999702       1.35296787E-08           1
   39.7999611       1.34469058E-08           1
   39.8999596       1.33652280E-08           1
   39.9999619       1.32842937E-08           1
   40.0999603       1.32046507E-08           1
   40.1999588       1.31258524E-08           1
   40.2999611       1.30480089E-08           1
   40.3999596       1.29712054E-08           1
   40.4999504       1.28951383E-08           1
   40.5999489       1.28201538E-08           1
   40.6999512       1.27461162E-08           1
   40.7999496       1.26727020E-08           1
   40.8999481       1.26004487E-08           1
   40.9999504       1.25288420E-08           1
   41.0999489       1.24580106E-08           1
   41.1999397       1.23881696E-08           1
   41.2999382       1.23189343E-08           1
   41.3999405       1.22507045E-08           1
   41.4999390       1.21830048E-08           1
   41.5999413       1.21162955E-08           1
   41.6999397       1.20501369E-08           1
   41.7999306       1.19849801E-08           1
   41.8999290       1.19201449E-08           1
   41.9999313       1.18564145E-08           1
   42.0999298       1.17931647E-08           1
   42.1999283       1.17306902E-08           1
   42.2999306       1.16688952E-08           1
   42.3999290       1.16076642E-08           1
   42.4999199       1.15471002E-08           1
   42.5999184       1.14872512E-08           1
   42.6999207       1.14280123E-08           1
   42.7999191       1.13693801E-08           1
   42.8999214       1.13112524E-08           1
   42.9999199       1.12538352E-08           1
   43.0999107       1.11969909E-08           1
   43.1999092       1.11407878E-08           1
   43.2999115       1.10850822E-08           1
   43.3999100       1.10299734E-08           1
   43.4999084       1.09752820E-08           1
   43.5999107       1.09212195E-08           1
   43.6999092       1.08677796E-08           1
   43.7999001       1.08147615E-08           1
   43.8998985       1.07624540E-08           1
   43.9999008       1.07104396E-08           1
   44.0998993       1.06590212E-08           1
   44.1999016       1.06081233E-08           1
   44.2999001       1.05576810E-08           1
   44.3998909       1.05076463E-08           1
   44.4998894       1.04582618E-08           1
   44.5998917       1.04091686E-08           1
   44.6998901       1.03606990E-08           1
   44.7998886       1.03124886E-08           1
   44.8998909       1.02647721E-08           1
   44.9998894       1.02175761E-08           1
   45.0998802       1.01709139E-08           1
   45.1998787       1.01245350E-08           1
   45.2998810       1.00784696E-08           1
   45.3998795       1.00329993E-08           1
   45.4998817       9.98793670E-09           1
   45.5998802       9.94311389E-09           1
   45.6998711       9.89885596E-09           1
   45.7998695       9.85492132E-09           1
   45.8998718       9.81141834E-09           1
   45.9998703       9.76848114E-09           1
   46.0998688       9.72551906E-09           1
   46.1998711       9.68313696E-09           1
   46.2998695       9.64099911E-09           1
   46.3998604       9.59937196E-09           1
   46.4998589       9.55810364E-09           1
   46.5998611       9.51720303E-09           1
   46.6998596       9.47648005E-09           1
   46.7998581       9.43624645E-09           1
   46.8998604       9.39631040E-09           1
   46.9998589       9.35675448E-09           1
   47.0998497       9.31757160E-09           1
   47.1998482       9.27847665E-09           1
   47.2998505       9.23991994E-09           1
   47.3998489       9.20153909E-09           1
   47.4998512       9.16363074E-09           1
   47.5998497       9.12586273E-09           1
   47.6998405       9.08847397E-09           1
   47.7998390       9.05144493E-09           1
   47.8998413       9.01466812E-09           1
   47.9998398       8.97822172E-09           1
   48.0998383       8.94189522E-09           1
   48.1998405       8.90601903E-09           1
   48.2998390       8.87040841E-09           1
   48.3998299       8.83504914E-09           1
   48.4998283       8.79996698E-09           1
   48.5998306       8.76511574E-09           1
   48.6998291       8.73061445E-09           1
   48.7998314       8.69637606E-09           1
   48.8998299       8.66227978E-09           1
   48.9998207       8.62855210E-09           1
   49.0998192       8.59507576E-09           1
   49.1998215       8.56178506E-09           1
   49.2998199       8.52879367E-09           1
   49.3998184       8.49604298E-09           1
   49.4998207       8.46367509E-09           1
   49.5998192       8.43126102E-09           1
   49.6998100       8.39930792E-09           1
   49.7998085       8.36745873E-09           1
   49.8998108       8.33589731E-09           1
   49.9998093       8.30447888E-09           1
   50.0998116       8.27347701E-09           1
   50.1998100       8.24260660E-09           1
   50.2998009       8.21190582E-09           1
   50.3997993       8.18153190E-09           1
   50.4998016       8.15129741E-09           1
   50.5998001       8.12130985E-09           1
   50.6997986       8.09149636E-09           1
   50.7998009       8.06193423E-09           1
   50.8997993       8.03255151E-09           1
   50.9997902       8.00327449E-09           1
   51.0997887       7.97431454E-09           1
   51.1997910       7.94565214E-09           1
   51.2997894       7.91700128E-09           1
   51.3997917       7.88864973E-09           1
   51.4997902       7.86046694E-09           1
   51.5997810       7.83250886E-09           1
   51.6997795       7.80461473E-09           1
   51.7997818       7.77701281E-09           1
   51.8997803       7.74963116E-09           1
   51.9997787       7.72234277E-09           1
   52.0997810       7.69533504E-09           1
   52.1997795       7.66844543E-09           1
   52.2997704       7.64177077E-09           1
   52.3997688       7.61514141E-09           1
   52.4997711       7.58880869E-09           1
   52.5997696       7.56265361E-09           1
   52.6997719       7.53666374E-09           1
   52.7997704       7.51079288E-09           1
   52.8997688       7.48510232E-09           1
   52.9997597       7.45959738E-09           1
   53.0997581       7.43421946E-09           1
   53.1997604       7.40914041E-09           1
   53.2997589       7.38398986E-09           1
   53.3997612       7.35919103E-09           1
   53.4997597       7.33448813E-09           1
   53.5997505       7.30993799E-09           1
   53.6997490       7.28543359E-09           1
   53.7997513       7.26125160E-09           1
   53.8997498       7.23718552E-09           1
   53.9997482       7.21321491E-09           1
   54.0997505       7.18942905E-09           1
   54.1997490       7.16577997E-09           1
   54.2997398       7.14226767E-09           1
   54.3997383       7.11885528E-09           1
   54.4997406       7.09562320E-09           1
   54.5997391       7.07264114E-09           1
   54.6997414       7.04961867E-09           1
   54.7997398       7.02683733E-09           1
   54.8997307       7.00418523E-09           1
   54.9997292       6.98162816E-09           1
   55.0997314       6.95929137E-09           1
   55.1997299       6.93698610E-09           1
   55.2997284       6.91479540E-09           1
   55.3997307       6.89281698E-09           1
   55.4997292       6.87098689E-09           1
   55.5997200       6.84920165E-09           1
   55.6997185       6.82753631E-09           1
   55.7997208       6.80604906E-09           1
   55.8997192       6.78469725E-09           1
   55.9997215       6.76342005E-09           1
   56.0997200       6.74235157E-09           1
   56.1997108       6.72139810E-09           1
   56.2997093       6.70040867E-09           1
   56.3997116       6.67971367E-09           1
   56.4997101       6.65907685E-09           1
   56.5997086       6.63854616E-09           1
   56.6997108       6.61807009E-09           1
   56.7997093       6.59776767E-09           1
   56.8997002       6.57760335E-09           1
   56.9996986       6.55752119E-09           1
   57.0997009       6.53750787E-09           1
   57.1996994       6.51768017E-09           1
   57.2997017       6.49793597E-09           1
   57.3997002       6.47824550E-09           1
   57.4996910       6.45875842E-09           1
   57.5996895       6.43930598E-09           1
   57.6996918       6.42002140E-09           1
   57.7996902       6.40078746E-09           1
   57.8996887       6.38174802E-09           1
   57.9996910       6.36270236E-09           1
   58.0996895       6.34380948E-09           1
   58.1996803       6.32503294E-09           1
   58.2996788       6.30629104E-09           1
   58.3996811       6.28772945E-09           1
   58.4996796       6.26918428E-09           1
   58.5996819       6.25082919E-09           1
   58.6996803       6.23250518E-09           1
   58.7996712       6.21434149E-09           1
   58.8996696       6.19611029E-09           1
   58.9996681       6.17817086E-09           1
   59.0996704       6.16022566E-09           1
   59.1996689       6.14239948E-09           1
   59.2996712       6.12463191E-09           1
   59.3996696       6.10694029E-09           1
   59.4996605       6.08938855E-09           1
   59.5996590       6.07203265E-09           1
   59.6996613       6.05458084E-09           1
   59.7996597       6.03730044E-09           1
   59.8996582       6.02012351E-09           1
   59.9996605       6.00300609E-09           1
   2.00000000       3.14159274               2
   2.09999990       3.14159274               2
   2.20000005       3.14159274               2
   2.29999995       3.14159274               2
   2.40000010       3.14159274               2
   2.50000000       3.14159274               2
   2.59999895       3.14159274               2
   2.69999909       3.14159274               2
   2.79999900       3.14159274               2
   2.89999890       3.14159274               2
   2.99999905       3.14159274               2
   3.09999895       3.14159274               2
   3.19999909       3.14159274               2
   3.29999900       3.14159274               2
   3.39999890       3.14159274               2
   3.49999905       3.14159274               2
   3.59999800       3.14159274               2
   3.69999790       3.14159274               2
   3.79999804       3.14159274               2
   3.89999795       3.14159274               2
   3.99999809       3.14159274               2
   4.09999800       3.14159274               2
   4.19999790       3.14159274               2
   4.29999781       3.14159274               2
   4.39999819       3.14159274               2
   4.49999809       3.14159274               2
   4.59999800       3.14159274               2
   4.69999695       3.14159274               2
   4.79999685       3.14159274               2
   4.89999723       3.14159274               2
   4.99999714       3.14159274               2
   5.09999704       3.14159274               2
   5.19999695       3.14159274               2
   5.29999685       3.14159274               2
   5.39999723       3.14159274               2
   5.49999714       3.14159274               2
   5.59999704       3.14159274               2
   5.69999599       3.14159274               2
   5.79999590       3.14159274               2
   5.89999580       3.14159274               2
   5.99999619       3.14159274               2
   6.09999609       3.14159274               2
   6.19999599       3.14159274               2
   6.29999590       3.14159274               2
   6.39999580       3.14159274               2
   6.49999619       3.14159274               2
   6.59999609       3.14159274               2
   6.69999599       3.14159274               2
   6.79999495       3.14159274               2
   6.89999485       3.14159274               2
   6.99999523       3.14159274               2
   7.09999514       3.14159274               2
   7.19999504       3.14159274               2
   7.29999495       3.14159274               2
   7.39999485       3.14159274               2
   7.49999523       3.14159274               2
   7.59999514       3.14159274               2
   7.69999504       3.14159274               2
   7.79999399       3.14159274               2
   7.89999390       3.14159274               2
   7.99999380       3.14159274               2
   8.09999466       3.14159274               2
   8.19999504       3.14159274               2
   8.29999542       3.14159274               2
   8.39999580       3.14159274               2
   8.49999619       3.14159274               2
   8.59999657       3.14159274               2
   8.69999695       3.14159274               2
   8.79999733       3.14159274               2
   8.89999771       3.14159274               2
   8.99999809       3.14159274               2
   9.09999847       3.14159274               2
   9.19999886       3.14159274               2
   9.29999924       3.14159274               2
   9.39999962       3.14159274               2
   9.50000000       3.14159274               2
   9.60000038       3.14159274               2
   9.70000076       3.14159274               2
   9.80000114       3.14159274               2
   9.90000153       3.14159274               2
   10.0000000       3.14159274               2
   10.1000004       3.14159274               2
   10.1999998       3.14159274               2
   10.3000002       3.14159274               2
   10.3999996       3.14159274               2
   10.5000000       3.14159274               2
   10.6000004       3.14159274               2
   10.6999998       3.14159274               2
   10.8000002       3.14159274               2
   10.9000101       3.14159274               2
   11.0000095       3.14159274               2
   11.1000099       3.14159274               2
   11.2000103       3.14159274               2
   11.3000097       3.14159274               2
   11.4000101       3.14159274               2
   11.5000095       3.14159274               2
   11.6000099       3.14159274               2
   11.7000103       3.14159274               2
   11.8000097       3.14159274               2
   11.9000101       3.14159274               2
   12.0000095       3.14159274               2
   12.1000099       3.14159274               2
   12.2000103       3.14159274               2
   12.3000097       3.14159274               2
   12.4000101       3.14159274               2
   12.5000095       3.14159274               2
   12.6000099       3.14159274               2
   12.7000103       3.14159274               2
   12.8000097       3.14159274               2
   12.9000101       3.14159274               2
   13.0000095       3.14159274               2
   13.1000099       3.14159274               2
   13.2000103       3.14159274               2
   13.3000097       3.14159274               2
   13.4000101       3.14159274               2
   13.5000200       3.14159274               2
   13.6000204       3.14159274               2
   13.7000198       3.14159274               2
   13.8000202       3.14159274               2
   13.9000196       3.14159274               2
   14.0000200       3.14159274               2
   14.1000204       3.14159274               2
   14.2000198       3.14159274               2
   14.3000202       3.14159274               2
   14.4000196       3.14159274               2
   14.5000200       3.14159274               2
   14.6000204       3.14159274               2
   14.7000198       3.14159274               2
   14.8000202       3.14159274               2
   14.9000196       3.14159274               2
   15.0000200       3.14159274               2
   15.1000204       3.14159274               2
   15.2000198       3.14159274               2
   15.3000202       3.14159274               2
   15.4000196       3.14159274               2
   15.5000200       3.14159274               2
   15.6000204       3.14159274               2
   15.7000198       3.14159274               2
   15.8000202       3.14159274               2
   15.9000196       3.14159274               2
   16.0000191       3.14159274               2
   16.1000309       3.14159274               2
   16.2000294       3.14159274               2
   16.3000298       3.14159274               2
   16.4000301       3.14159274               2
   16.5000305       3.14159274               2
   16.6000309       3.14159274               2
   16.7000294       3.14159274               2
   16.8000298       3.14159274               2
   16.9000301       3.14159274               2
   17.0000305       3.14159274               2
   17.1000309       3.14159274               2
   17.2000294       3.14159274               2
   17.3000298       3.14159274               2
   17.4000301       3.14159274               2
   17.5000305       3.14159274               2
   17.6000309       3.14159274               2
   17.7000294       3.14159274               2
   17.8000298       3.14159274               2
   17.9000301       3.14159274               2
   18.0000305       3.14159274               2
   18.1000309       3.14159274               2
   18.2000294       3.14159274               2
   18.3000298       3.14159274               2
   18.4000301       3.14159274               2
   18.5000305       3.14159274               2
   18.6000309       3.14159274               2
   18.7000408       3.14159274               2
   18.8000393       3.14159274               2
   18.9000397       3.14159274               2
   19.0000401       3.14159274               2
   19.1000404       3.14159274               2
   19.2000408       3.14159274               2
   19.3000393       3.14159274               2
   19.4000397       3.14159274               2
   19.5000401       3.14159274               2
   19.6000404       3.14159274               2
   19.7000408       3.14159274               2
   19.8000393       3.14159274               2
   19.9000397       3.14159274               2
   20.0000401       3.14159274               2
   20.1000404       3.14159274               2
   20.2000408       3.14159274               2
   20.3000393       3.14159274               2
   20.4000397       3.14159274               2
   20.5000401       3.14159274               2
   20.6000404       3.14159274               2
   20.7000408       3.14159274               2
   20.8000393       3.14159274               2
   20.9000397       3.14159274               2
   21.0000401       3.14159274               2
   21.1000404       3.14159274               2
   21.2000408       3.14159274               2
   21.3000507       3.14159274               2
   21.4000492       3.14159274               2
   21.5000496       3.14159274               2
   21.6000500       3.14159274               2
   21.7000504       3.14159274               2
   21.8000507       3.14159274               2
   21.9000492       3.14159274               2
   22.0000496       3.14159274               2
   22.1000500       3.14159250               2
   22.2000504       3.14159250               2
   22.3000507       3.14159250               2
   22.4000492       3.14159250               2
   22.5000496       3.14159250               2
   22.6000500       3.14159250               2
   22.7000504       3.14159250               2
   22.8000507       3.14159250               2
   22.9000492       3.14159250               2
   23.0000496       3.14159250               2
   23.1000500       3.14159250               2
   23.2000504       3.14159250               2
   23.3000507       3.14159250               2
   23.4000492       3.14159226               2
   23.5000496       3.14159226               2
   23.6000500       3.14159226               2
   23.7000504       3.14159203               2
   23.8000507       3.14159155               2
   23.9000492       3.14159012               2
   24.0000591       1.40728171E-05           2
   24.1000595       1.88561751E-06           2
   24.2000599       1.00974023E-06           2
   24.3000603       6.88717535E-07           2
   24.4000607       5.22415178E-07           2
   24.5000591       4.20546172E-07           2
   24.6000595       3.51815288E-07           2
   24.7000599       3.02289379E-07           2
   24.8000603       2.64940496E-07           2
   24.9000607       2.35763764E-07           2
   25.0000591       2.12309104E-07           2
   25.1000595       1.93098799E-07           2
   25.2000599       1.77037904E-07           2
   25.3000603       1.63427728E-07           2
   25.4000607       1.51736756E-07           2
   25.5000591       1.41598761E-07           2
   25.6000595       1.32717091E-07           2
   25.7000599       1.24879236E-07           2
   25.8000603       1.17899852E-07           2
   25.9000607       1.11656178E-07           2
   26.0000591       1.06033177E-07           2
   26.1000595       1.00947041E-07           2
   26.2000599       9.63145794E-08           2
   26.3000603       9.20925771E-08           2
   26.4000607       8.82173197E-08           2
   26.5000591       8.46546939E-08           2
   26.6000710       8.13663519E-08           2
   26.7000694       7.83217757E-08           2
   26.8000698       7.54940928E-08           2
   26.9000702       7.28615248E-08           2
   27.0000706       7.04054131E-08           2
   27.1000710       6.81068499E-08           2
   27.2000694       6.59547794E-08           2
   27.3000698       6.39344861E-08           2
   27.4000702       6.20290592E-08           2
   27.5000706       6.02373973E-08           2
   27.6000710       5.85444759E-08           2
   27.7000694       5.69429623E-08           2
   27.8000698       5.54268169E-08           2
   27.9000702       5.39886607E-08           2
   28.0000706       5.26235837E-08           2
   28.1000710       5.13261824E-08           2
   28.2000694       5.00896462E-08           2
   28.3000698       4.89115166E-08           2
   28.4000702       4.77891540E-08           2
   28.5000706       4.67142023E-08           2
   28.6000710       4.56885410E-08           2
   28.7000694       4.47069084E-08           2
   28.8000698       4.37671090E-08           2
   28.9000702       4.28648548E-08           2
   29.0000706       4.19998898E-08           2
   29.1000710       4.11685477E-08           2
   29.2000809       4.03701677E-08           2
   29.3000793       3.96024795E-08           2
   29.4000797       3.88629431E-08           2
   29.5000801       3.81509473E-08           2
   29.6000805       3.74646554E-08           2
   29.7000809       3.68032786E-08           2
   29.8000793       3.61651473E-08           2
   29.9000797       3.55479415E-08           2
   30.0000801       3.49525990E-08           2
   30.1000805       3.43763240E-08           2
   30.2000809       3.38194255E-08           2
   30.3000793       3.32809158E-08           2
   30.4000797       3.27587735E-08           2
   30.5000801       3.22531832E-08           2
   30.6000805       3.17629016E-08           2
   30.7000809       3.12877440E-08           2
   30.8000793       3.08266515E-08           2
   30.9000797       3.03791623E-08           2
   31.0000801       2.99451450E-08           2
   31.1000805       2.95233686E-08           2
   31.2000809       2.91127922E-08           2
   31.3000793       2.87146822E-08           2
   31.4000797       2.83266139E-08           2
   31.5000801       2.79498558E-08           2
   31.6000805       2.75827805E-08           2
   31.7000809       2.72253171E-08           2
   31.8000908       2.68777995E-08           2
   31.9000893       2.65382010E-08           2
   32.0000801       2.62079674E-08           2
   32.1000786       2.58859778E-08           2
   32.2000809       2.55719037E-08           2
   32.3000793       2.52654786E-08           2
   32.4000816       2.49667611E-08           2
   32.5000801       2.46748080E-08           2
   32.6000710       2.43896263E-08           2
   32.7000694       2.41117242E-08           2
   32.8000717       2.38398972E-08           2
   32.9000702       2.35743869E-08           2
   33.0000687       2.33149144E-08           2
   33.1000710       2.30611921E-08           2
   33.2000694       2.28131469E-08           2
   33.3000603       2.25702692E-08           2
   33.4000587       2.23330812E-08           2
   33.5000610       2.21005649E-08           2
   33.6000595       2.18730865E-08           2
   33.7000618       2.16505551E-08           2
   33.8000603       2.14322426E-08           2
   33.9000511       2.12188169E-08           2
   34.0000496       2.10095514E-08           2
   34.1000519       2.08046274E-08           2
   34.2000504       2.06035171E-08           2
   34.3000488       2.04068940E-08           2
   34.4000511       2.02135961E-08           2
   34.5000496       2.00244621E-08           2
   34.6000404       1.98383496E-08           2
   34.7000389       1.96560173E-08           2
   34.8000412       1.94773424E-08           2
   34.9000397       1.93019911E-08           2
   35.0000381       1.91297946E-08           2
   35.1000404       1.89604936E-08           2
   35.2000389       1.87946441E-08           2
   35.3000298       1.86316083E-08           2
   35.4000282       1.84711872E-08           2
   35.5000305       1.83140703E-08           2
   35.6000290       1.81596249E-08           2
   35.7000313       1.80076452E-08           2
   35.8000298       1.78581505E-08           2
   35.9000206       1.77115371E-08           2
   36.0000191       1.75674444E-08           2
   36.1000214       1.74254176E-08           2
   36.2000198       1.72857977E-08           2
   36.3000183       1.71487056E-08           2
   36.4000206       1.70137664E-08           2
   36.5000191       1.68809571E-08           2
   36.6000099       1.67501284E-08           2
   36.7000084       1.66217173E-08           2
   36.8000107       1.64950595E-08           2
   36.9000092       1.63705440E-08           2
   37.0000114       1.62480038E-08           2
   37.1000099       1.61271210E-08           2
   37.2000008       1.60083520E-08           2
   37.2999992       1.58910360E-08           2
   37.4000015       1.57756457E-08           2
   37.5000000       1.56619642E-08           2
   37.5999985       1.55502722E-08           2
   37.7000008       1.54397863E-08           2
   37.7999992       1.53313078E-08           2
   37.8999901       1.52240442E-08           2
   37.9999886       1.51184558E-08           2
   38.0999908       1.50144253E-08           2
   38.1999893       1.49118744E-08           2
   38.2999916       1.48106425E-08           2
   38.3999901       1.47109187E-08           2
   38.4999809       1.46125130E-08           2
   38.5999794       1.45155488E-08           2
   38.6999817       1.44197942E-08           2
   38.7999802       1.43254502E-08           2
   38.8999786       1.42322092E-08           2
   38.9999809       1.41403822E-08           2
   39.0999794       1.40496148E-08           2
   39.1999702       1.39600136E-08           2
   39.2999687       1.38716922E-08           2
   39.3999710       1.37846943E-08           2
   39.4999695       1.36984477E-08           2
   39.5999718       1.36136382E-08           2
   39.6999702       1.35296787E-08           2
   39.7999611       1.34469058E-08           2
   39.8999596       1.33652280E-08           2
   39.9999619       1.32842937E-08           2
   40.0999603       1.32046507E-08           2
   40.1999588       1.31258524E-08           2
   40.2999611       1.30480089E-08           2
   40.3999596       1.29712054E-08           2
   40.4999504       1.28951383E-08           2
   40.5999489       1.28201538E-08           2
   40.6999512       1.27461162E-08           2
   40.7999496       1.26727020E-08           2
   40.8999481       1.26004487E-08           2
   40.9999504       1.25288420E-08           2
   41.0999489       1.24580106E-08           2
   41.1999397       1.23881696E-08           2
   41.2999382       1.23189343E-08           2
   41.3999405       1.22507045E-08           2
   41.4999390       1.21830048E-08           2
   41.5999413       1.21162955E-08           2
   41.6999397       1.20501369E-08           2
   41.7999306       1.19849801E-08           2
   41.8999290       1.19201449E-08           2
   41.9999313       1.18564145E-08           2
   42.0999298       1.17931647E-08           2
   42.1999283       1.17306902E-08           2
   42.2999306       1.16688952E-08           2
   42.3999290       1.16076642E-08           2
   42.4999199       1.15471002E-08           2
   42.5999184       1.14872512E-08           2
   42.6999207       1.14280123E-08           2
   42.7999191       1.13693801E-08           2
   42.8999214       1.13112524E-08           2
   42.9999199       1.12538352E-08           2
   43.0999107       1.11969909E-08           2
   43.1999092       1.11407878E-08           2
   43.2999115       1.10850822E-08           2
   43.3999100       1.10299734E-08           2
   43.4999084       1.09752820E-08           2
   43.5999107       1.09212195E-08           2
   43.6999092       1.08677796E-08           2
   43.7999001       1.08147615E-08           2
   43.8998985       1.07624540E-08           2
   43.9999008       1.07104396E-08           2
   44.0998993       1.06590212E-08           2
   44.1999016       1.06081233E-08           2
   44.2999001       1.05576810E-08           2
   44.3998909       1.05076463E-08           2
   44.4998894       1.04582618E-08           2
   44.5998917       1.04091686E-08           2
   44.6998901       1.03606990E-08           2
   44.7998886       1.03124886E-08           2
   44.8998909       1.02647721E-08           2
   44.9998894       1.02175761E-08           2
   45.0998802       1.01709139E-08           2
   45.1998787       1.01245350E-08           2
   45.2998810       1.00784696E-08           2
   45.3998795       1.00329993E-08           2
   45.4998817       9.98793670E-09           2
   45.5998802       9.94311389E-09           2
   45.6998711       9.89885596E-09           2
   45.7998695       9.85492132E-09           2
   45.8998718       9.81141834E-09           2
   45.9998703       9.76848114E-09           2
   46.0998688       9.72551906E-09           2
   46.1998711       9.68313696E-09           2
   46.2998695       9.64099911E-09           2
   46.3998604       9.59937196E-09           2
   46.4998589       9.55810364E-09           2
   46.5998611       9.51720303E-09           2
   46.6998596       9.47648005E-09           2
   46.7998581       9.43624645E-09           2
   46.8998604       9.39631040E-09           2
   46.9998589       9.35675448E-09           2
   47.0998497       9.31757160E-09           2
   47.1998482       9.27847665E-09           2
   47.2998505       9.23991994E-09           2
   47.3998489       9.20153909E-09           2
   47.4998512       9.16363074E-09           2
   47.5998497       9.12586273E-09           2
   47.6998405       9.08847397E-09           2
   47.7998390       9.05144493E-09           2
   47.8998413       9.01466812E-09           2
   47.9998398       8.97822172E-09           2
   48.0998383       8.94189522E-09           2
   48.1998405       8.90601903E-09           2
   48.2998390       8.87040841E-09           2
   48.3998299       8.83504914E-09           2
   48.4998283       8.79996698E-09           2
   48.5998306       8.76511574E-09           2
   48.6998291       8.73061445E-09           2
   48.7998314       8.69637606E-09           2
   48.8998299       8.66227978E-09           2
   48.9998207       8.62855210E-09           2
   49.0998192       8.59507576E-09           2
   49.1998215       8.56178506E-09           2
   49.2998199       8.52879367E-09           2
   49.3998184       8.49604298E-09           2
   49.4998207       8.46367509E-09           2
   49.5998192       8.43126102E-09           2
   49.6998100       8.39930792E-09           2
   49.7998085       8.36745873E-09           2
   49.8998108       8.33589731E-09           2
   49.9998093       8.30447888E-09           2
   50.0998116       8.27347701E-09           2
   50.1998100       8.24260660E-09           2
   50.2998009       8.21190582E-09           2
   50.3997993       8.18153190E-09           2
   50.4998016       8.15129741E-09           2
   50.5998001       8.12130985E-09           2
   50.6997986       8.09149636E-09           2
   50.7998009       8.06193423E-09           2
   50.8997993       8.03255151E-09           2
   50.9997902       8.00327449E-09           2
   51.0997887       7.97431454E-09           2
   51.1997910       7.94565214E-09           2
   51.2997894       7.91700128E-09           2
   51.3997917       7.88864973E-09           2
   51.4997902       7.86046694E-09           2
   51.5997810       7.83250886E-09           2
   51.6997795       7.80461473E-09           2
   51.7997818       7.77701281E-09           2
   51.8997803       7.74963116E-09           2
   51.9997787       7.72234277E-09           2
   52.0997810       7.69533504E-09           2
   52.1997795       7.66844543E-09           2
   52.2997704       7.64177077E-09           2
   52.3997688       7.61514141E-09           2
   52.4997711       7.58880869E-09           2
   52.5997696       7.56265361E-09           2
   52.6997719       7.53666374E-09           2
   52.7997704       7.51079288E-09           2
   52.8997688       7.48510232E-09           2
   52.9997597       7.45959738E-09           2
   53.0997581       7.43421946E-09           2
   53.1997604       7.40914041E-09           2
   53.2997589       7.38398986E-09           2
   53.3997612       7.35919103E-09           2
   53.4997597       7.33448813E-09           2
   53.5997505       7.30993799E-09           2
   53.6997490       7.28543359E-09           2
   53.7997513       7.26125160E-09           2
   53.8997498       7.23718552E-09           2
   53.9997482       7.21321491E-09           2
   54.0997505       7.18942905E-09           2
   54.1997490       7.16577997E-09           2
   54.2997398       7.14226767E-09           2
   54.3997383       7.11885528E-09           2
   54.4997406       7.09562320E-09           2
   54.5997391       7.07264114E-09           2
   54.6997414       7.04961867E-09           2
   54.7997398       7.02683733E-09           2
   54.8997307       7.00418523E-09           2
   54.9997292       6.98162816E-09           2
   55.0997314       6.95929137E-09           2
   55.1997299       6.93698610E-09           2
   55.2997284       6.91479540E-09           2
   55.3997307       6.89281698E-09           2
   55.4997292       6.87098689E-09           2
   55.5997200       6.84920165E-09           2
   55.6997185       6.82753631E-09           2
   55.7997208       6.80604906E-09           2
   55.8997192       6.78469725E-09           2
   55.9997215       6.76342005E-09           2
   56.0997200       6.74235157E-09           2
   56.1997108       6.72139810E-09           2
   56.2997093       6.70040867E-09           2
   56.3997116       6.67971367E-09           2
   56.4997101       6.65907685E-09           2
   56.5997086       6.63854616E-09           2
   56.6997108       6.61807009E-09           2
   56.7997093       6.59776767E-09           2
   56.8997002       6.57760335E-09           2
   56.9996986       6.55752119E-09           2
   57.0997009       6.53750787E-09           2
   57.1996994       6.51768017E-09           2
   57.2997017       6.49793597E-09           2
   57.3997002       6.47824550E-09           2
   57.4996910       6.45875842E-09           2
   57.5996895       6.43930598E-09           2
   57.6996918       6.42002140E-09           2
   57.7996902       6.40078746E-09           2
   57.8996887       6.38174802E-09           2
   57.9996910       6.36270236E-09           2
   58.0996895       6.34380948E-09           2
   58.1996803       6.32503294E-09           2
   58.2996788       6.30629104E-09           2
   58.3996811       6.28772945E-09           2
   58.4996796       6.26918428E-09           2
   58.5996819       6.25082919E-09           2
   58.6996803       6.23250518E-09           2
   58.7996712       6.21434149E-09           2
   58.8996696       6.19611029E-09           2
   58.9996681       6.17817086E-09           2
   59.0996704       6.16022566E-09           2
   59.1996689       6.14239948E-09           2
   59.2996712       6.12463191E-09           2
   59.3996696       6.10694029E-09           2
   59.4996605       6.08938855E-09           2
   59.5996590       6.07203265E-09           2
   59.6996613       6.05458084E-09           2
   59.7996597       6.03730044E-09           2
   59.8996582       6.02012351E-09           2
   59.9996605       6.00300609E-09           2
