239.64 39.8666 135.239 122.283 12635.5
242.779 40.4314 65.2927 52.237 11076.5
242.694 44.8525 121.104 132.472 11511.3
250.442 42.7667 131.231 118.072 14103.7
242.88 45.2925 131.186 142.378 12572.6
243.732 45.3997 130.205 139.834 12918.1
244.674 45.1285 122.646 129.697 13307.7
245.767 45.0931 121.399 129.121 10226.8
246.54 45.2432 127.672 136.25 7385
247.511 45.166 130.237 139.924 2793.56
241.33 44.5191 128.818 140.487 8031.86
242.336 44.6653 120.302 131.684 10696.8
243.253 44.589 110.991 121.593 12114.1
243.987 44.7035 110.389 120.322 13266.5
245.145 44.5494 104.256 113.61 12104.4
245.745 44.5642 105.567 114.796 9309.13
246.633 44.6165 110.342 119.642 5134.43
248.752 44.7038 138.818 125.707 3636.79
245.586 43.5625 74.2937 86.7438 8226.08
240.496 44.082 130.949 105.41 4329.55
241.431 43.9104 114.054 87.0414 6141.38
242.259 43.9733 104.508 116.968 8873.76
243.197 44.086 97.1191 109.727 12153.2
244.042 43.9121 86.8434 98.8026 12739.1
244.867 43.7945 80.8034 92.7411 12045
245.883 43.9146 86.4869 97.6506 7143.58
246.548 43.9286 90.6351 102.249 3423.49
248.513 43.8756 113.185 103.018 6170.97
249.424 43.92 130.569 116.873 9154.12
239.847 43.2515 144.131 121.548 2299.08
242.246 43.3471 91.9393 64.6087 5580.12
243.233 43.4275 80.0797 92.7896 10114.8
244.172 43.4151 73.1068 85.0094 12789.1
244.902 43.25 64.6709 77.4691 11893.3
245.826 43.3979 67.6568 43.4372 6628.74
247.567 43.3998 87.3249 79.8444 4537.16
248.388 43.2741 99.3627 89.1219 7965.5
249.288 43.3629 117.792 104.713 10659.7
249.98 43.2112 127.501 114.567 11877.1
240.753 42.6912 115.059 97.7334 3058.27
243.13 42.7779 68.2011 40.9775 6085.87
243.968 42.7713 56.2942 70.1407 11551.7
246.824 42.5452 56.2483 52.1615 6309.14
248.412 42.8321 92.9565 81.5249 9675.15
249.08 42.7507 102.98 92.0909 12100.3
249.958 42.6372 123.186 106.729 15083.6
240.66 42.0187 107.019 94.0024 7967.12
241.656 42.1901 86.7699 75.3477 4538.73
242.333 42.0192 74.1178 60.8751 4097.16
247.614 42.0041 62.9674 55.7993 11612.6
249.127 42.0995 96.789 86.2948 13349.5
249.964 41.9243 112.452 101.537 14237.6
250.643 42.1012 127.594 115.618 15456.5
240.829 41.3884 100.513 88.4247 10382.3
241.621 41.4483 81.1905 72.3106 10346.4
245.085 41.4157 65.9593 13.9653 23876.8
247.552 41.4632 57.6142 50.1546 11516.1
248.37 41.3146 75.5633 67.4941 10709.4
249.334 41.4729 96.3217 87.5431 13138.7
249.933 41.4272 111.372 99.9838 13191.2
250.843 41.5047 132.066 118.98 12860.2
239.398 40.3453 137.607 121.738 12558.1
239.603 40.1808 133.644 119.281 12290.4
239.812 40.025 128.209 115.786 12729.2
239.775 39.6502 131.88 119.925 12295.5
240.165 40.7484 115.42 103.554 12195.9
241.029 40.7797 94.0257 85.3684 12077.1
241.866 40.7811 77.0733 67.6361 12276.8
242.476 40.852 63.6132 55.1428 12521.3
245.796 40.8556 118.035 40.7443 140.151
248.563 40.8869 79.0481 72.4506 9394.93
249.167 40.9425 93.8582 85.37 10331.8
250.327 40.9763 122.427 109.25 12502.1
250.823 40.8936 133.944 119.49 12343.2
240.173 40.165 119.067 106.708 13014.8
241.123 40.1614 96.8595 87.3143 12326
241.845 40.2903 79.9218 72.0358 12128.9
243.5 40.2917 48.8682 40.8255 9919.61
248.498 40.2067 84.1061 77.9349 4361.32
249.262 40.1948 99.1792 92.8839 6687.5
249.992 40.2655 117.256 106.317 8845.74
250.876 40.2982 135.99 124.05 9196.89
240.102 39.6785 124.325 112.698 12448.1
241.111 39.5399 104.658 94.6003 11410.4
241.92 39.6946 85.8312 78.0391 10815.3
242.861 39.5516 71.8589 64.3389 6904.77
245.092 39.4731 53.5385 65.9195 10359.8
245.984 39.455 57.2336 69.6304 12217.4
246.931 39.5906 64.9232 76.2992 7782
249.754 39.6279 122.463 110.37 4207.82
241.192 38.9383 112.804 102.762 9386.35
242.068 38.8606 98.0592 89.5474 7052.76
244.346 38.8455 72.2764 85.3731 6506.6
245.17 39.04 68.3961 77.671 10898.9
245.98 38.9551 70.4561 82.5742 12037.1
246.723 38.9882 75.4485 87.617 10759.9
247.621 38.9995 90.8099 99.2339 7225.56
248.828 38.9176 116.805 117.893 3612.66
240.549 38.5226 133.086 120.945 10024.3
241.894 38.3489 113.285 102.431 5772.93
244.415 38.3489 87.6674 98.1328 7355.04
245.392 38.3281 85.9633 97.4093 11777.3
246.031 38.1802 92.3969 103.484 13131.5
246.979 38.2987 98.1812 107.729 12136.1
247.723 38.2108 108.902 118.262 10532.2
248.517 38.2843 122.258 126.409 7379.74
249.289 38.4187 134.883 133.948 4666.24
243.405 37.923 108.504 115.996 3522.73
244.253 37.6444 109.333 117.811 7731.35
245.151 37.6083 107.724 116.897 10723.9
246.14 37.5808 109.763 120.204 13482.3
246.832 37.7601 109.89 120.447 13141
247.637 37.6761 124.462 130.786 12617
248.404 37.7222 132.908 138.544 9905.33
244.78 37.2408 118.599 127.006 9662.82
245.285 36.7256 131.924 141.53 10291
246.093 37.0195 125.086 135.144 12507.2
246.916 37.0615 130.591 139.303 13332
243.86 44.932 117.725 127.038 13498.3
243.601 44.991 119.262 129.759 12906.7
243.336 45.045 121.81 132.868 12367.3
242.966 45.164 127.485 138.372 12589
242.494 44.8448 122.8 94.4517 11297.2
242.076 44.538 121.158 91.6998 9881.32
240.241 39.3104 125.494 114.516 11849.9
241.363 42.4339 98.1119 82.9823 3628.37
