247.187 40.195 348.436 101.455 404.73
242.336 44.6653 127.905 130.006 21117.5
243.253 44.589 117.814 119.977 23438.1
246.824 42.5452 59.0293 53.499 10984.9
248.412 42.8321 94.0835 84.5038 18169.6
241.621 41.4483 86.9308 75.3371 19400.9
241.123 40.1614 102.063 90.5587 22321.9
248.498 40.2067 82.7188 79.0513 7304.81
250.876 40.2982 140.997 127.648 16777.6
240.102 39.6785 130.883 116.609 24691.8
247.621 38.9995 93.4467 97.7208 11789.2
240.549 38.5226 139.397 124.694 19138.5
244.415 38.3489 92.9543 96.3605 13432.6
247.637 37.6761 127.318 129.609 23672.4
245.285 36.7256 138.098 139.999 20045.8
