244.867 43.7945 84.5287 90.3746 21806.7
248.324 46.5336 179.278 178.841 7322.85
250.183 43.7013 142.846 129.562 21216.7
249.334 41.4729 101.906 90.6293 25516.7
251.019 39.6333 148.416 135.966 11280.3
253.244 38.2289 213.417 199.373 5676.98
248.626 35.5169 198.57 193.153 25662.4
245.285 36.7256 138.098 139.999 20045.8
243.665 34.8294 199.257 195.396 14984.5
240.241 39.3104 132.148 118.248 22285.3
236.727 39.7145 208.796 187.418 39084.1
236.628 42.7859 206.177 187.108 17526.9
240.331 45.2664 167.661 166.85 18026.7
242.536 45.953 160.27 160.347 25953.3
