247.187 40.195
242.336 44.6653 134.793 130.52 46282.7
243.253 44.589 121.927 120.099 45865.7
246.824 42.5452 63.9708 55.8015 21442.8
248.412 42.8321 96.7978 87.4513 37247.2
241.621 41.4483 89.6688 79.0434 37437.2
241.123 40.1614 105.526 94.1457 44234.7
248.498 40.2067 91.7188 81.1965 15921.8
250.876 40.2982 149.821 132.558 34827.5
240.102 39.6785 135.437 121.057 47124
247.621 38.9995 93.6306 96.4299 21447
240.549 38.5226 148.432 130.268 39809.8
244.415 38.3489 95.535 95.9252 25571.6
247.637 37.6761 132.484 129.676 47917.8
245.285 36.7256 146.097 140.831 41233
