245.42 32.5356 302.57 277.467 484296
246.233 32.7683 295.175 271.888 510048
247.117 32.7513 299.69 276.267 643093
247.772 32.7006 298.564 279.877 327828
248.296 32.5618 304.45 286.738 270178
249.261 32.5716
250.03 32.6399
250.697 32.7663
251.367 32.5466
252.215 32.5324
252.999 32.6995
253.738 32.6349
254.546 32.7001
255.343 32.6588
255.98 32.6462
256.643 32.6764
247.189 31.9559
248.543 32.0022
249.184 31.7748
249.954 31.9737
250.741 31.9989
251.473 31.9041
252.222 32.0094
252.899 32.1046
253.572 32.0062
254.477 32.076
255.177 32.1101
255.899 32.0618
256.708 32.012
250.009 31.439
250.719 31.3757
251.472 31.3369
254.517 31.4425
255.029 31.3711
256.021 31.3165
256.508 31.3691
257.19 31.3818
255.014 30.7862
255.971 30.6689
256.598 30.8498
257.315 30.7263
255.91 30.0609
256.388 30.1456
257.212 30.1615
255.867 29.554
256.611 29.4528
257.112 29.4862
245.587 48.933 267.815 250.699 318604
246.578 48.9725 313.553 252.707 348206
247.267 48.9777 275.741 256.904 175946
248.403 48.9482 278.36 260.962 132066
249.301 48.9448 286.891 266.835 128859
250.154 48.9198
251.257 48.9286
252.074 48.8799
253.075 48.9912
254.085 48.9926
255.121 48.9592
255.998 48.9239
276.343 42.3012
277.018 40.2319
264.138 48.2977
258.319 34.8837
253.543 34.9459
245.532 48.3739 249.478 233.107 261104
246.727 48.3609 250.612 235.067 203927
247.438 48.3129 255.187 237.646 116335
248.293 48.4128 263.279 244.988 107177
249.201 48.2921 265.747 248.138 105072
250.223 48.3943 312.111 260.2 138372
251.056 48.4551
251.979 48.4389
252.983 48.4278
254.004 48.3008
255.009 48.4643
284.014 42.1993
279.58 37.2113
248.37 45.597 182.178 163.7 25313.4
272.949 31.1687
261.044 44.443
250.442 42.7667 159.499 139.928 306139
245.426 47.6795 226.192 212.155 257513
246.253 47.7687 227.388 215.547 157405
247.393 47.775 235.286 221.668 118048
248.254 47.8012 243.219 226.741 105278
249.237 47.6327 251.547 230.365 135531
250.951 47.7343
251.996 47.7133
252.904 47.8264
254.116 47.7456
254.816 47.8026
255.575 47.5302
260.263 38.814
282.627 38.2046
268.755 38.0557
282.11 35.2393
270.863 46.1003
245.541 47.0943 206.576 194.14 178912
246.494 47.0816 235.669 195.091 91244.5
247.48 47.0418 223.546 201.068 97234
248.451 47.0308 226.955 208.044 68019.2
249.313 47.1523 271.108 222.748 24719
250.198 47.1961 259.039 227.088 123376
251.12 47.1646
251.864 47.0911
253.006 47.0658
253.82 47.1498
254.793 47.173
255.673 47.1152
255.804 48.4702
247.187 40.195
278.567 28.1103
245.812 46.4423 184.714 163.935 169881
246.507 46.4162 187.726 175.191 90114.5
247.359 46.4246 199.43 180.379 110729
248.324 46.5336 202.776 190.99 57748.8
249.142 46.462 231.445 205.093 92875.8
250.086 46.5663 241.301 209.745 186476
251.214 46.4611
251.87 46.5038
252.924 46.5408
263.386 43.7337
250.245 48.024 272.182 251.348 37848.1
280.011 42.1175
268.505 47.9462
245.668 45.7893 163.354 153.982 115412
246.63 45.8122 165.942 156.838 87578.2
247.507 45.8409 180.633 164.197 112456
248.374 45.7843
249.341 45.9054 208.675 182.612 166321
250.284 45.9046 219.668 194.119 78264.4
251.056 45.8538
251.851 45.8006
252.877 45.8231
245.767 45.0931 139.835 132.026 120174
246.54 45.2432 146.395 138.654 92377.7
247.511 45.166 153.1 143.588 46452.3
248.195 45.2285
249.26 45.3212 188.612 166.008 146485
250.437 45.3171 202.103 182.227 131274
251.786 45.2202
252.793 45.225
245.173 33.0515 283.657 261.243 348982
275.383 44.8245
276.533 33.4112
245.145 44.5494 122.749 115.085 188681
245.745 44.5642 121.047 115.547 123451
246.633 44.6165 133.122 121.524 82323.9
247.356 44.6173
248.752 44.7038 165.12 143.531 137524
249.424 44.3951
250.336 44.6769
251.014 44.6704
252.001 44.4868
252.958 44.6277
253.648 44.5943
270.706 40.5559
264.162 29.9618
245.586 43.5625 86.2654 83.0717 99819.9
288.442 42.5064
245.883 43.9146 100.983 95.2138 106510
246.548 43.9286
247.515 43.9997 127.835 109.383 112723
248.513 43.8756 133.784 118.934 157323
249.424 43.92 149.381 134.677 196099
250.183 43.7013 161.829 145.893 223930
251.006 44.0363
251.872 43.9496
252.708 43.8122
253.516 43.8924
254.387 39.7997 282.693 239.396 108355
245.826 43.3979 88.8868 69.3515 88672.6
246.482 43.3234
247.567 43.3998 108.123 93.7355 137301
248.388 43.2741 112.529 103.013 168971
249.288 43.3629 135.345 122.1 242007
249.98 43.2112 151.129 134.87 296945
250.947 43.2649
251.916 43.3531
252.554 43.3459
253.521 43.4126
260.198 30.4794
269.752 42.9142
245.916 42.6493
246.824 42.5452 65.6011 61.0802 104203
247.469 42.6852 81.4944 74.3104 149480
248.412 42.8321 104.023 94.9828 186380
249.08 42.7507 119.493 107.942 242551
249.958 42.6372 142.409 126.338 508376
251.153 42.8247 176.871 155.37 193144
251.658 42.6579 187.3 166.212 211558
252.749 42.6332
253.476 42.6507
263.391 39.1009
262.107 27.5459
246.056 42.0886
246.76 42.0343 54.6909 49.2008 161892
247.614 42.0041 72.3566 66.829 189004
248.568 42.0149 96.503 87.3638 230408
249.127 42.0995 112.271 101.496 219360
249.964 41.9243 136.603 121.067 399740
250.643 42.1012 159.632 139.424 478840
251.66 42.0073 192.215 165.023 543453
252.63 41.9641 225.496 190.627 249076
253.566 42.031 252.269 213.346 792123
254.299 42.1143
255.067 42.0432
253.777 46.6885 285.861 264.19 110528
288.074 44.2401
285.417 44.6197
273.002 33.0348
256.333 29.3339
245.835 41.3602
246.653 41.503 44.418 40.0964 174085
247.552 41.4632 65.7843 60.3016 175775
248.37 41.3146 90.6345 79.9562 169631
249.334 41.4729 118.375 104.336 338378
249.933 41.4272 137.838 119.933 301920
250.843 41.5047 172.888 142.55 154470
251.814 41.4906 208.671 170.61 311986
252.637 41.6067 219.769 189.077 225359
253.404 41.4033 252.279 208.34 379227
254.278 41.468
255.175 41.4676
280.154 39.6581
260.397 47.8481
266.423 34.5454
254.618 31.6985
246.059 46.8292 199.04 186.346 170258
257.228 33.9696
251.501 37.2103 223.137 207.229 90073.9
245.796 40.8556
246.813 40.8513 48.29 43.9568 91758
247.48 40.8903 66.465 59.2211 114188
248.563 40.8869 96.9846 85.5512 247989
249.167 40.9425 120.049 101.864 338687
250.327 40.9763 156.13 131.789 225413
250.823 40.8936 167.863 143.618 123157
251.737 40.8338 199.511 167.593 529068
252.48 40.76 226.991 187.563 415597
253.546 40.8023 256.17 213.884 368854
254.056 40.8947
255.118 40.8271
255.913 40.8132
265.339 31.7598
245.401 34.8249
245.381 34.7676 223.852 208.628 221596
279.822 33.1067
245.255 40.2679 33.2618 26.3883 89881.3
246.019 40.1314 45.074 36.6047 99015.4
247.531 40.2807
248.498 40.2067 106.214 90.0427 117244
249.262 40.1948 126.8 108.45 188788
249.992 40.2655 149.255 126.73 262733
250.876 40.2982 184.235 149.542 224841
251.758 40.1348 208 172.515 405630
252.53 40.2149 234.129 191.488 189176
253.453 40.1618
254.082 40.2109
254.927 40.1227
255.88 40.1129
257.967 40.9451
270.591 34.5118
245.984 39.455 66.0594 64.757 145314
246.931 39.5906
247.721 39.5708
248.34 39.6092 122.541 95.8019 21253.5
249.26 39.473 141.277 120.19 48962
249.754 39.6279 147.325 127.246 100307
251.019 39.6333 181.806 156.418 152937
251.609 39.4998 199.848 171.689 168166
252.551 39.524 226.774 196.131 291922
253.241 39.5952
254.161 39.3741
255.092 39.5144
255.832 39.5125
286.092 41.0056
245.858 34.3034 242.733 224.075 288609
290.708 45.2644
245.17 39.04 79.3051 75.2993 142981
245.98 38.9551 81.6452 79.6507 115192
246.723 38.9882 87.417 85.7546 88626.2
247.621 38.9995 102.527 98.5603 96919.1
248.828 38.9176 132.683 123.078 76847.2
249.867 39.1025
250.737 38.9553 183.483 158.781 30808.9
251.704 38.9541 196.493 178.383 98569.3
252.426 38.8347
253.09 38.8627 236.556 212.751 60105.9
254.166 38.9045
254.851 38.9641
255.753 38.9145
245.392 38.3281 103.578 97.8619 185283
246.031 38.1802 107.79 103.584 211506
246.979 38.2987 112.105 107.578 185973
247.723 38.2108 126.012 120.583 170531
248.517 38.2843 139.321 131.517 75239.2
249.289 38.4187 152.302 141.946 54654
250.106 38.3862 170.098 157.536 65074.8
250.739 38.2916 182.939 171.38 49754.2
251.621 38.1888 231.875 187.99 69971
252.45 38.3685
253.244 38.2289 256.74 223.307 65993.5
254.893 38.2315
255.717 38.1474
250.733 45.1221 199.355 181.612 145639
255.964 44.1212 349.941 281.079 218808
245.151 37.6083 128.913 120.08 187439
246.14 37.5808 129.272 123.094 201997
246.832 37.7601 129.48 122.365 250345
247.637 37.6761 144.168 134.655 272618
248.404 37.7222 153.168 143.845 173881
249.198 37.6354 166.904 157.829 94915.5
250.005 37.6903 183.605 170.38 119941
250.863 37.7459 199.667 184.109 105147
251.639 37.83
252.208 37.662
253.171 37.7461
253.998 37.7059
254.787 37.6407
255.565 37.6606
254.945 34.5715
255.734 34.5145
254.312 34.1838
254.53 34.1567
254.999 34.1517
255.333 34.1937
255.704 34.2323
256.088 34.2148
256.473 34.2135
254.23 33.9682
254.975 33.8308
255.696 33.8903
256.455 33.893
257.159 33.8774
254.406 33.6042
254.835 33.5975
255.672 33.5995
256.452 33.5806
256.882 33.5044
257.179 33.5385
257.508 33.5662
254.329 33.3102
255.659 33.259
256.402 33.1939
257.166 33.2334
254.184 32.9513
254.485 32.9369
254.82 33.0053
255.381 32.937
255.66 32.9288
256.155 33.0286
256.46 32.9317
256.794 32.9833
257.139 32.8728
257.463 32.9426
254.053 32.7572
254.845 32.6337
255.639 32.654
256.374 32.629
257.095 32.6899
253.936 32.443
254.828 32.3673
255.173 32.488
255.681 32.3766
255.96 32.2837
256.327 32.1712
256.601 32.3554
257.149 32.3691
257.452 32.2888
254.852 31.9694
255.512 32.0937
256.309 31.9895
257.063 32.0119
255.154 31.8029
255.574 31.6996
255.982 31.727
256.264 31.6679
256.605 31.7051
257.23 31.8027
257.412 31.6905
256.263 31.3663
256.365 31.1096
257.013 30.9611
257.323 31.0024
254.048 31.8742
266.785 41.9069
254.499 37.7456
272.903 40.379
174.103 52.7308
267.196 45.2246
282.112 40.6358
245.285 36.7256 158.119 147.531 214042
246.093 37.0195 150.67 140.84 269425
246.916 37.0615 153.07 144.047 182492
247.618 37.0183 166.005 153.017 205066
248.494 36.9839 182.751 165.342 260569
249.196 36.9969 194.521 174.271 116549
250.126 37.1364 200.114 184.479 170929
250.975 36.8299 221.775 205.79 128291
252.466 36.9914
253.097 37.0138 270.286 243.02 58554.8
253.963 37.0361
254.948 37.0738
255.589 37.1388
249.215 32.3098
276.451 36.5439
245.461 36.4321 170.535 157.347 367368
246.035 36.4151 173.058 159.877 365994
246.82 36.4182 173.185 162.828 241669
247.708 36.428
248.87 36.1428 209.817 192.778 291653
249.338 36.5996 204.385 186.436 197034
250.13 36.4199 234.091 204.09 131246
250.792 36.2925 227.758 214.519 109693
251.48 36.3758 242.451 225.24 265139
252.342 36.4277
253.145 36.3773
253.808 36.3289
254.722 36.4093
255.592 36.3998
256.256 36.3945
245.149 35.7266 192.863 179.062 281098
246.016 35.8522 193.903 177.478 216631
246.895 35.6339 199.353 186.659 217399
247.827 35.8191 199.272 188.199 128198
249.206 35.6218 228.658 210.656 380723
250.067 35.7113 235.422 219.221 209279
250.954 35.7147 238.055 230.798 100055
251.534 35.7992 257.632 238.895 302731
252.362 35.8054 276.924 254.072 275119
253.091 35.9138
253.817 35.7452
254.728 35.7259
255.384 35.8383
256.214 35.7964
269.482 32.2185
245.13 35.301 207.243 192.188 253930
246.115 35.099 217.513 200.917 399397
246.917 35.2127 214.086 200.231 213241
247.733 35.1787 218.135 205.369 223765
248.468 35.0951 231.942 215.597 252787
249.287 35.0789 245.227 226.022 315096
250.264 35.1181 259.202 238.048 204034
250.612 35.1118 270.059 243.358 200100
251.5 35.1259 282.517 256.078 91885.5
252.352 35.117 286.682 268.937 164517
253.133 35.0719 312.357 285.478 635360
253.85 35.1605
254.592 35.2106
255.539 35.2177
256.234 35.0891
256.937 35.0637
273.706 38.2289
261.219 34.7379
248.626 35.5169 220.623 205.551 270747
272.17 36.1297
246.17 34.5935 234.693 216.119 394209
247.109 34.4692 235.237 223.429 231985
247.763 34.4866 238.9 226.168 197925
248.559 34.4178 258.526 226.672 188266
249.194 34.3371 262.6 245.134 276736
250.05 34.5293 270.844 250.495 464412
250.71 34.4275 286.455 262.171 393953
251.502 34.5421 288.002 269.334 244670
252.214 34.4457 318.247 284.44 156555
252.99 34.5058
253.812 34.581
254.565 34.5646
255.338 34.5271
256.19 34.5508
256.903 34.6469
245.476 33.7503 259.766 239.99 341057
246.171 33.8142 259.103 239.771 418214
246.995 33.9383 258.226 239.934 291638
247.667 33.9535 254.912 241.365 299045
248.522 33.8798 266.513 250.922 219869
249.156 33.6953 279.491 262.363 372290
249.966 33.7776
250.746 33.9571 297.912 274.816 564709
251.623 33.9085 320.386 289.277 301847
252.326 34.0087
253.035 33.937
253.079 34.0741
253.079 34.0739
253.945 33.9315
254.564 33.9257
255.307 33.9229
256.175 33.9232
256.837 33.8839
246.343 33.1999 280.342 258.942 480571
247.054 33.3627 277.511 257.216 526229
247.842 33.2893 277.78 262.498 328646
248.573 33.341 280.506 266.172 172355
249.528 33.2969 295.89 277.417 360037
249.964 33.0851 310.438 288.707 435024
250.734 33.2921
251.408 33.1132
252.329 33.3086
253.036 33.2555
253.768 33.2621
254.635 33.3298
255.283 33.2797
256.02 33.2716
256.785 33.315
