245.42 32.5356 259.661 253.296 20863.6
246.233 32.7683 255.39 249.048 22381.5
247.117 32.7513 260.762 253.112 26955.7
247.772 32.7006 266.642 258.078 30143.1
248.296 32.5618 274.788 265.266 29111.5
249.261 32.5716
250.03 32.6399
250.697 32.7663
251.367 32.5466
252.215 32.5324
252.999 32.6995
253.738 32.6349
254.546 32.7001
255.343 32.6588
255.98 32.6462
256.643 32.6764
247.189 31.9559
248.543 32.0022
249.184 31.7748
249.954 31.9737
250.741 31.9989
251.473 31.9041
252.222 32.0094
252.899 32.1046
253.572 32.0062
254.477 32.076
255.177 32.1101
255.899 32.0618
256.708 32.012
250.009 31.439
250.719 31.3757
251.472 31.3369
254.517 31.4425
255.029 31.3711
256.021 31.3165
256.508 31.3691
257.19 31.3818
255.014 30.7862
255.971 30.6689
256.598 30.8498
257.315 30.7263
255.91 30.0609
256.388 30.1456
257.212 30.1615
255.867 29.554
256.611 29.4528
257.112 29.4862
245.587 48.933 241.556 232.049 28035.1
246.578 48.9725 247.125 235.692 25618.2
247.267 48.9777 249.334 238.036 20913.7
248.403 48.9482 253.134 241.745 14154
249.301 48.9448 257.057 246.651 10977
250.154 48.9198 263.271 252.316 7964.6
251.257 48.9286
252.074 48.8799
253.075 48.9912
254.085 48.9926
255.121 48.9592
255.998 48.9239
276.343 42.3012
277.018 40.2319
264.138 48.2977
258.319 34.8837
253.543 34.9459
245.532 48.3739 224.052 216.559 26660.6
246.727 48.3609 227.39 219.308 20979.4
247.438 48.3129 229.254 220.772 17518.7
248.293 48.4128 236.024 227.337 13155.2
249.201 48.2921 237.632 229.726 9344.15
250.223 48.3943 249.96 239.698 5536.08
251.056 48.4551
251.979 48.4389
252.983 48.4278
254.004 48.3008
255.009 48.4643
284.014 42.1993
279.58 37.2113
248.37 45.597
272.949 31.1687
261.044 44.443
250.442 42.7667 137.202 122.416 26862.6
245.426 47.6795 203.316 197.829 25254.4
246.253 47.7687 207.564 201.646 20887.9
247.393 47.775 212.646 206.159 16615.2
248.254 47.8012 217.067 211.372 11294.5
249.237 47.6327 218.398 213.369 6200.67
250.951 47.7343
251.996 47.7133
252.904 47.8264
254.116 47.7456
254.816 47.8026
255.575 47.5302
260.263 38.814
282.627 38.2046
268.755 38.0557
282.11 35.2393
270.863 46.1003
245.541 47.0943 186.527 182.02 24198.9
246.494 47.0816 187.01 183.54 17809.1
247.48 47.0418 189.753 187.154 13344.4
248.451 47.0308 194.698 192.882 8260.33
249.313 47.1523 206.051 201.143 4500.02
250.198 47.1961 216.569 205.425 3545.84
251.12 47.1646
251.864 47.0911
253.006 47.0658
253.82 47.1498
254.793 47.173
255.673 47.1152
255.804 48.4702
247.187 40.195 348.436 101.455 404.73
278.567 28.1103
245.812 46.4423 166.717 134.603 21247
246.507 46.4162 167.183 165.836 17515.4
247.359 46.4246 171.37 170.261 12099.3
248.324 46.5336 179.278 178.841 7322.85
249.142 46.462 185.785 181.164 3332.22
250.086 46.5663 201.013 187.315 5540.84
251.214 46.4611
251.87 46.5038
252.924 46.5408
263.386 43.7337
250.245 48.024
280.011 42.1175
268.505 47.9462
245.668 45.7893 147.118 146.836 21597
246.63 45.8122 149.245 150.459 14666.8
247.507 45.8409 155.495 155.635 8938.8
248.374 45.7843 156.833 158.618 3311.62
249.341 45.9054 175.167 164.612 5067.56
250.284 45.9046 188.975 173.89 10210.4
251.056 45.8538
251.851 45.8006
252.877 45.8231
245.767 45.0931 125.735 127.875 19420.5
246.54 45.2432 131.937 134.806 13315.7
247.511 45.166 136.726 138.103 5302.09
248.195 45.2285
249.26 45.3212 159.872 149.03 6913.57
250.437 45.3171 179.011 163.404 14280.7
251.786 45.2202
252.793 45.225
245.173 33.0515 244.823 239.355 19216.2
275.383 44.8245
276.533 33.4112
245.145 44.5494 109.524 112.105 23131.3
245.745 44.5642 109.98 113.25 17531.2
246.633 44.6165 113.673 118.039 9227.62
247.356 44.6173 119.244 122.513 3595.48
248.752 44.7038 135.871 128.045 6567.38
249.424 44.3951 142.733 130.952 11872.4
250.336 44.6769
251.014 44.6704
252.001 44.4868
252.958 44.6277
253.648 44.5943
270.706 40.5559
264.162 29.9618
245.586 43.5625 76.8285 83.9955 14689.4
288.442 42.5064
245.883 43.9146 89.8407 95.2571 12863.5
246.548 43.9286 93.2781 99.5949 6208.14
247.515 43.9997
248.513 43.8756 115.248 105.614 11399.1
249.424 43.92 133.933 120.776 17333.7
250.183 43.7013 142.846 129.562 21216.7
251.006 44.0363
251.872 43.9496
252.708 43.8122
253.516 43.8924
254.387 39.7997 230.259 206.813 21043.8
245.826 43.3979 72.7099 50.275 11421.8
246.482 43.3234
247.567 43.3998 92.3395 82.4158 8499.83
248.388 43.2741 100.401 91.7262 14851.4
249.288 43.3629 120.486 108.402 20264
249.98 43.2112 131.927 118.448 23501.4
250.947 43.2649
251.916 43.3531
252.554 43.3459
253.521 43.4126
260.198 30.4794
269.752 42.9142
245.916 42.6493
246.824 42.5452 59.0293 53.499 10984.9
247.469 42.6852 75.7123 65.8592 13715.7
248.412 42.8321 94.0835 84.5038 18169.6
249.08 42.7507 107.369 95.6721 22249.3
249.958 42.6372 124.746 111.216 28595.6
251.153 42.8247 152.666 135.447 27057.5
251.658 42.6579 163.04 143.826 27112.4
252.749 42.6332
253.476 42.6507
263.391 39.1009
262.107 27.5459
246.056 42.0886
246.76 42.0343 55.2654 41.6196 12765.4
247.614 42.0041 66.4347 58.0969 21354.9
248.568 42.0149 87.2685 76.9785 23987.4
249.127 42.0995 101.163 89.4968 24904
249.964 41.9243 118.482 105.153 27805.7
250.643 42.1012 135.656 119.8 30898.8
251.66 42.0073 156.846 140.529 27437.1
252.63 41.9641 181.258 161.032 24499.6
253.566 42.031 205.243 181.059 25054
254.299 42.1143
255.067 42.0432
253.777 46.6885 260.985 234.012 21459
288.074 44.2401
285.417 44.6197
273.002 33.0348
256.333 29.3339
245.835 41.3602
246.653 41.503 41.4456 34.1376 20896.6
247.552 41.4632 59.7534 52.282 21520.8
248.37 41.3146 78.1587 69.8098 20230
249.334 41.4729 101.906 90.6293 25516.7
249.933 41.4272 114.509 103.231 24903.2
250.843 41.5047 136.113 122.84 23543.5
251.814 41.4906 161.232 143.723 27840.3
252.637 41.6067 181.218 160.717 25499.4
253.404 41.4033 199.534 177.468 23238.7
254.278 41.468
255.175 41.4676
280.154 39.6581
260.397 47.8481
266.423 34.5454
254.618 31.6985
246.059 46.8292 178.325 175.381 24366.8
257.228 33.9696
251.501 37.2103 204.181 192.397 6703.91
245.796 40.8556 108.363 59.4779 307.399
246.813 40.8513
247.48 40.8903 57.0905 51.2755 13162.9
248.563 40.8869 82.3161 74.652 17601.1
249.167 40.9425 96.6366 87.7904 19294.8
250.327 40.9763 125.316 112.946 22918.3
250.823 40.8936 136.769 123.613 22119.1
251.737 40.8338 159.921 143.143 27178.7
252.48 40.76 178.622 159.53 25448.4
253.546 40.8023 204.53 182.219 24514.3
254.056 40.8947
255.118 40.8271
255.913 40.8132
265.339 31.7598
245.401 34.8249
245.381 34.7676 196.317 193.893 19468.3
279.822 33.1067
245.255 40.2679
246.019 40.1314
247.531 40.2807
248.498 40.2067 82.7188 79.0513 7304.81
249.262 40.1948 102.686 94.593 12486.8
249.992 40.2655 119.679 109.402 16456.2
250.876 40.2982 140.997 127.648 16777.6
251.758 40.1348 163.894 147.634 19563.8
252.53 40.2149 182.305 163.518 20108.6
253.453 40.1618
254.082 40.2109
254.927 40.1227
255.88 40.1129
257.967 40.9451
270.591 34.5118
245.984 39.455 59.8681 66.8638 22048.9
246.931 39.5906 67.8564 73.6499 13984
247.721 39.5708 84.8848 86.9314 7223.44
248.34 39.6092
249.26 39.473
249.754 39.6279 116.527 112.253 7450.22
251.019 39.6333 148.416 135.966 11280.3
251.609 39.4998 162.885 149.287 11358
252.551 39.524 187.103 169.608 15708.3
253.241 39.5952
254.161 39.3741
255.092 39.5144
255.832 39.5125
286.092 41.0056
245.858 34.3034 210.531 207.129 21948.1
290.708 45.2644
245.17 39.04 69.0526 75.263 19992
245.98 38.9551 74.9461 80.2956 22008.2
246.723 38.9882 81.2743 85.3877 19065.6
247.621 38.9995 93.4467 97.7208 11789.2
248.828 38.9176 116.158 117.135 6409.88
249.867 39.1025
250.737 38.9553
251.704 38.9541 169.304 158.266 6599.63
252.426 38.8347 189.446 174.19 7466.76
253.09 38.8627 207.385 187.981 9723.91
254.166 38.9045
254.851 38.9641
255.753 38.9145
245.392 38.3281 91.7963 95.5929 21437
246.031 38.1802 98.7959 101.662 24900.4
246.979 38.2987 102.616 105.97 22155.9
247.723 38.2108 115.225 116.894 19919.5
248.517 38.2843 127.203 126.134 13114.7
249.289 38.4187 137.696 134.762 8475.54
250.106 38.3862 154.81 147.484 5630.05
250.739 38.2916 166.784 159.298 4197.52
251.621 38.1888
252.45 38.3685 193.559 181.304 4893.73
253.244 38.2289 213.417 199.373 5676.98
254.893 38.2315
255.717 38.1474
250.733 45.1221 178.941 162.898 18767.3
255.964 44.1212 270.138 239.025 27603
245.151 37.6083 113.516 115.551 20657.9
246.14 37.5808 117.279 118.773 26584.5
246.832 37.7601 116.245 118.711 24604.7
247.637 37.6761 127.318 129.609 23672.4
248.404 37.7222 136.948 137.662 18138.8
249.198 37.6354 152.084 149.898 14413.4
250.005 37.6903 167.053 159.942 9853.19
250.863 37.7459 184.014 171.927 7133.95
251.639 37.83
252.208 37.662
253.171 37.7461
253.998 37.7059
254.787 37.6407
255.565 37.6606
254.945 34.5715
255.734 34.5145
254.312 34.1838
254.53 34.1567
254.999 34.1517
255.333 34.1937
255.704 34.2323
256.088 34.2148
256.473 34.2135
254.23 33.9682
254.975 33.8308
255.696 33.8903
256.455 33.893
257.159 33.8774
254.406 33.6042
254.835 33.5975
255.672 33.5995
256.452 33.5806
256.882 33.5044
257.179 33.5385
257.508 33.5662
254.329 33.3102
255.659 33.259
256.402 33.1939
257.166 33.2334
254.184 32.9513
254.485 32.9369
254.82 33.0053
255.381 32.937
255.66 32.9288
256.155 33.0286
256.46 32.9317
256.794 32.9833
257.139 32.8728
257.463 32.9426
254.053 32.7572
254.845 32.6337
255.639 32.654
256.374 32.629
257.095 32.6899
253.936 32.443
254.828 32.3673
255.173 32.488
255.681 32.3766
255.96 32.2837
256.327 32.1712
256.601 32.3554
257.149 32.3691
257.452 32.2888
254.852 31.9694
255.512 32.0937
256.309 31.9895
257.063 32.0119
255.154 31.8029
255.574 31.6996
255.982 31.727
256.264 31.6679
256.605 31.7051
257.23 31.8027
257.412 31.6905
256.263 31.3663
256.365 31.1096
257.013 30.9611
257.323 31.0024
254.048 31.8742
266.785 41.9069
254.499 37.7456 246.827 232.794 5731.24
272.903 40.379
174.103 52.7308
267.196 45.2246
282.112 40.6358
245.285 36.7256 138.098 139.999 20045.8
246.093 37.0195 132.149 133.636 25041.5
246.916 37.0615 137.276 138.172 24353.1
247.618 37.0183 145.562 145.587 24143.9
248.494 36.9839 156.995 156.121 22862.4
249.196 36.9969 165.43 164.508 18750.6
250.126 37.1364 178.187 173.604 12376.3
250.975 36.8299 200.228 192.565 11442.3
252.466 36.9914
253.097 37.0138 236.83 220.821 2819.96
253.963 37.0361
254.948 37.0738
255.589 37.1388
249.215 32.3098
276.451 36.5439
245.461 36.4321 147.034 148.555 21077.7
246.035 36.4151 149.662 150.437 23986.3
246.82 36.4182 154.64 154.541 24081.3
247.708 36.428
248.87 36.1428 184.222 180.32 23365.1
249.338 36.5996 178.822 175.119 20748.7
250.13 36.4199 195.689 189.578 17644.9
250.792 36.2925 209.322 201.854 14683.3
251.48 36.3758 220.656 209.644 13155.2
252.342 36.4277
253.145 36.3773
253.808 36.3289
254.722 36.4093
255.592 36.3998
256.256 36.3945
245.149 35.7266 169.141 167.773 20642.3
246.016 35.8522 166.788 165.983 23441.1
246.895 35.6339 177.605 176.064 24675.4
247.827 35.8191 181.32 178.151 23263.4
249.206 35.6218 202.649 196.962 24537.9
250.067 35.7113 211.236 205.012 22345.8
250.954 35.7147 225.951 216.852 18538.6
251.534 35.7992 234.694 222.793 16145.7
252.362 35.8054 248.32 234.69 10455.9
253.091 35.9138
253.817 35.7452
254.728 35.7259
255.384 35.8383
256.214 35.7964
269.482 32.2185
245.13 35.301 181.963 179.218 21076.4
246.115 35.099 189.368 186.86 24198.7
246.917 35.2127 189.963 187.663 26249.8
247.733 35.1787 198.103 194.089 26487
248.468 35.0951 208.238 202.583 26102.3
249.287 35.0789 218.453 211.219 26075.2
250.264 35.1181 228.653 221.452 23760.2
250.612 35.1118 233.554 226.036 22246.7
251.5 35.1259 248.062 237.206 19833.1
252.352 35.117 264.246 249.704 15730.5
253.133 35.0719 280.384 262.424 13392.6
253.85 35.1605
254.592 35.2106
255.539 35.2177
256.234 35.0891
256.937 35.0637
273.706 38.2289
261.219 34.7379
248.626 35.5169 198.57 193.153 25662.4
272.17 36.1297
246.17 34.5935 203.001 200.608 23069.1
247.109 34.4692 212.636 208.399 26782.6
247.763 34.4866 217.987 212.476 27109.8
248.559 34.4178 228.631 190.709 26173.1
249.194 34.3371 237.767 228.982 29078.6
250.05 34.5293 241.708 232.94 26636.7
250.71 34.4275 252.052 243.166 24450.2
251.502 34.5421 261.719 250.709 23118
252.214 34.4457 276.2 262.502 20657.9
252.99 34.5058
253.812 34.581
254.565 34.5646
255.338 34.5271
256.19 34.5508
256.903 34.6469
245.476 33.7503 225.276 220.995 20848.2
246.171 33.8142 225.891 221.203 22465.7
246.995 33.9383 226.625 221.761 26570.6
247.667 33.9535 231.343 225.254 28491.9
248.522 33.8798 242.435 234.23 29995.7
249.156 33.6953 253.907 244.658 30529.7
249.966 33.7776
250.746 33.9571 265.69 254.986 26386.5
251.623 33.9085 279.829 267.103 26638.9
252.326 34.0087
253.035 33.937
253.079 34.0741
253.079 34.0739
253.945 33.9315
254.564 33.9257
255.307 33.9229
256.175 33.9232
256.837 33.8839
246.343 33.1999 244.278 237.778 23919
247.054 33.3627 243.058 236.887 26279.7
247.842 33.2893 250.692 243.674 27524.3
248.573 33.341 256.52 247.997 28335.8
249.528 33.2969 268.82 257.973 32490.5
249.964 33.0851 279.733 267.291 31920.6
250.734 33.2921
251.408 33.1132
252.329 33.3086
253.036 33.2555
253.768 33.2621
254.635 33.3298
255.283 33.2797
256.02 33.2716
256.785 33.315
