239.64 39.8666 138.76 126.02 23140.8
242.779 40.4314 63.5986 55.0216 20301.9
242.694 44.8525 129.299 130.828 22441.8
250.442 42.7667 137.202 122.416 26862.6
247.187 40.195 348.436 101.455 404.73
242.88 45.2925 138.39 140.532 24270.5
243.732 45.3997 136.156 138.179 25109.6
244.674 45.1285 127.315 128.703 25343.2
245.767 45.0931 125.735 127.875 19420.5
246.54 45.2432 131.937 134.806 13315.7
247.511 45.166 136.726 138.103 5302.09
241.33 44.5191 136.268 138.614 16542.5
242.336 44.6653 127.905 130.006 21117.5
243.253 44.589 117.814 119.977 23438.1
243.987 44.7035 115.698 118.6 25593.8
245.145 44.5494 109.524 112.105 23131.3
245.745 44.5642 109.98 113.25 17531.2
246.633 44.6165 113.673 118.039 9227.62
247.356 44.6173 119.244 122.513 3595.48
248.752 44.7038 135.871 128.045 6567.38
245.586 43.5625 76.8285 83.9955 14689.4
240.496 44.082 139.401 112.998 9480.86
241.431 43.9104 122.151 95.0485 12536.4
242.259 43.9733 112.168 114.995 17504.7
243.197 44.086 104.118 107.645 24319.8
244.042 43.9121 91.8152 96.5074 23966.9
244.867 43.7945 84.5287 90.3746 21806.7
245.883 43.9146 89.8407 95.2571 12863.5
246.548 43.9286 93.2781 99.5949 6208.14
248.513 43.8756 115.248 105.614 11399.1
249.424 43.92 133.933 120.776 17333.7
241.526 43.358 108.984 84.4095 7096.02
242.246 43.3471 98.108 72.2199 12346.1
243.233 43.4275 87.4722 90.7433 19298
244.172 43.4151 76.6047 82.5173 23860.9
244.902 43.25 67.6413 74.7102 21183.5
245.826 43.3979 72.7099 50.275 11421.8
247.567 43.3998 92.3395 82.4158 8499.83
248.388 43.2741 100.401 91.7262 14851.4
249.288 43.3629 120.486 108.402 20264
249.98 43.2112 131.927 118.448 23501.4
240.753 42.6912 118.104 102.639 5449
243.13 42.7779 71.4204 48.2299 12402.9
243.968 42.7713 60.805 67.3096 21271.9
245.097 42.636 49.3571 57.1986 19597.7
246.824 42.5452 59.0293 53.499 10984.9
247.469 42.6852 75.7123 65.8592 13715.7
248.412 42.8321 94.0835 84.5038 18169.6
249.08 42.7507 107.369 95.6721 22249.3
249.958 42.6372 124.746 111.216 28595.6
240.66 42.0187 113.031 98.2967 15321.2
241.656 42.1901 91.5554 78.9505 9330.9
242.333 42.0192 75.1037 64.1225 8062.63
244.246 42.1669 46.3103 49.6593 16940
246.76 42.0343 55.2654 41.6196 12765.4
247.614 42.0041 66.4347 58.0969 21354.9
248.568 42.0149 87.2685 76.9785 23987.4
249.127 42.0995 101.163 89.4968 24904
249.964 41.9243 118.482 105.153 27805.7
250.643 42.1012 135.656 119.8 30898.8
240.829 41.3884 104.562 92.0354 19954.7
241.621 41.4483 86.9308 75.3371 19400.9
242.55 41.423 65.9896 55.8071 17070.6
245.085 41.4157 59.8014 25.9156 29649.8
246.653 41.503 41.4456 34.1376 20896.6
247.552 41.4632 59.7534 52.282 21520.8
248.37 41.3146 78.1587 69.8098 20230
249.334 41.4729 101.906 90.6293 25516.7
249.933 41.4272 114.509 103.231 24903.2
250.843 41.5047 136.113 122.84 23543.5
239.398 40.3453 138.783 125.877 23179.6
239.603 40.1808 135.337 122.957 23577.7
239.812 40.025 133.034 119.411 23895.2
239.775 39.6502 137.026 123.542 23790.2
239.959 39.4725 135.498 122.449 23117.9
240.165 40.7484 119.471 107.072 23120.3
241.029 40.7797 100.324 88.4751 22515
241.866 40.7811 81.7885 70.7309 22749.5
242.476 40.852 66.9096 57.721 23407.3
245.796 40.8556 108.363 59.4779 307.399
247.48 40.8903 57.0905 51.2755 13162.9
248.563 40.8869 82.3161 74.652 17601.1
249.167 40.9425 96.6366 87.7904 19294.8
250.327 40.9763 125.316 112.946 22918.3
250.823 40.8936 136.769 123.613 22119.1
240.173 40.165 123.135 110.46 24514.9
241.123 40.1614 102.063 90.5587 22321.9
241.845 40.2903 85.7329 74.9103 22211.6
243.5 40.2917 51.729 42.8902 17290.8
248.498 40.2067 82.7188 79.0513 7304.81
249.262 40.1948 102.686 94.593 12486.8
249.992 40.2655 119.679 109.402 16456.2
250.876 40.2982 140.997 127.648 16777.6
240.102 39.6785 130.883 116.609 24691.8
241.111 39.5399 111.067 98.0729 21794
241.92 39.6946 91.1068 80.7095 20678.8
242.861 39.5516 76.0932 66.7967 13118.7
245.092 39.4731 56.0591 63.1577 18629.7
245.984 39.455 59.8681 66.8638 22048.9
246.931 39.5906 67.8564 73.6499 13984
247.721 39.5708 84.8848 86.9314 7223.44
249.754 39.6279 116.527 112.253 7450.22
241.192 38.9383 119.42 106.248 18318.8
242.068 38.8606 105.626 92.6933 13520.8
244.346 38.8455 78.9811 82.9316 11933.1
245.17 39.04 69.0526 75.263 19992
245.98 38.9551 74.9461 80.2956 22008.2
246.723 38.9882 81.2743 85.3877 19065.6
247.621 38.9995 93.4467 97.7208 11789.2
248.828 38.9176 116.158 117.135 6409.88
240.549 38.5226 139.397 124.694 19138.5
241.894 38.3489 120.728 106.108 11312.2
243.698 38.2886 101.625 73.25 7195.97
244.415 38.3489 92.9543 96.3605 13432.6
245.392 38.3281 91.7963 95.5929 21437
246.031 38.1802 98.7959 101.662 24900.4
246.979 38.2987 102.616 105.97 22155.9
247.723 38.2108 115.225 116.894 19919.5
248.517 38.2843 127.203 126.134 13114.7
249.289 38.4187 137.696 134.762 8475.54
243.405 37.923 114.46 114.843 6842.6
244.253 37.6444 113.467 116.349 14585
245.151 37.6083 113.516 115.551 20657.9
246.14 37.5808 117.279 118.773 26584.5
246.832 37.7601 116.245 118.711 24604.7
247.637 37.6761 127.318 129.609 23672.4
248.404 37.7222 136.948 137.662 18138.8
244.78 37.2408 124.712 125.874 19372.1
245.285 36.7256 138.098 139.999 20045.8
246.093 37.0195 132.149 133.636 25041.5
246.916 37.0615 137.276 138.172 24353.1
243.86 44.932 122.915 125.494 25777.1
243.601 44.991 125.633 128.052 24970.5
243.336 45.045 128.588 131.061 23855.8
242.966 45.164 135.066 136.648 24444.5
242.494 44.8448 130.756 102.711 22144.7
242.076 44.538 127.939 100.055 19554.9
240.241 39.3104 132.148 118.248 22285.3
241.363 42.4339 102.067 87.4522 6846.18
