244.867 43.7945 95.5916 90.5714 176919
248.324 46.5336 202.776 190.99 57748.8
250.183 43.7013 161.829 145.893 223930
249.334 41.4729 118.375 104.336 338378
251.019 39.6333 181.806 156.418 152937
253.244 38.2289 256.74 223.307 65993.5
248.626 35.5169 220.623 205.551 270747
245.285 36.7256 158.119 147.531 214042
243.665 34.8294 252.15 214.699 98095
241.17 35.1269 259.664 223.599 93722.7
240.241 39.3104 153.909 136.305 168493
236.727 39.7145 255.256 220.153 512371
236.628 42.7859 256.578 216.931 227954
240.331 45.2664 193.267 178.433 170443
242.536 45.953 182.28 170.12 110772
