245.42 32.5356 290.402 265.646 132780
246.233 32.7683 283.153 260.949 136483
247.117 32.7513 288.556 265.345 189913
247.772 32.7006 292.225 270.394 190170
248.296 32.5618 299.63 277.926 159388
249.261 32.5716
250.03 32.6399
250.697 32.7663
251.367 32.5466
252.215 32.5324
252.999 32.6995
253.738 32.6349
254.546 32.7001
255.343 32.6588
255.98 32.6462
256.643 32.6764
247.189 31.9559
248.543 32.0022
249.184 31.7748
249.954 31.9737
250.741 31.9989
251.473 31.9041
252.222 32.0094
252.899 32.1046
253.572 32.0062
254.477 32.076
255.177 32.1101
255.899 32.0618
256.708 32.012
250.009 31.439
250.719 31.3757
251.472 31.3369
254.517 31.4425
255.029 31.3711
256.021 31.3165
256.508 31.3691
257.19 31.3818
255.014 30.7862
255.971 30.6689
256.598 30.8498
257.315 30.7263
255.91 30.0609
256.388 30.1456
257.212 30.1615
255.867 29.554
256.611 29.4528
257.112 29.4862
245.587 48.933 259.782 242.454 141682
246.578 48.9725 263.707 246.242 118358
247.267 48.9777 265.204 248.464 75298.5
248.403 48.9482 269.62 251.915 60062.7
249.301 48.9448 276.057 257.559 57743.6
250.154 48.9198 283.04 263.231 39958.8
251.257 48.9286
252.074 48.8799
253.075 48.9912
254.085 48.9926
255.121 48.9592
255.998 48.9239
276.343 42.3012
277.018 40.2319
264.138 48.2977
258.319 34.8837
253.543 34.9459
245.532 48.3739 241.303 225.631 130050
246.727 48.3609 243.735 228.182 79197.6
247.438 48.3129 243.794 229.464 55855.9
248.293 48.4128 253.589 236.468 54896.8
249.201 48.2921 255.74 239.151 38232.1
250.223 48.3943 269.249 249.503 28274.9
251.056 48.4551
251.979 48.4389
252.983 48.4278
254.004 48.3008
255.009 48.4643
284.014 42.1993
279.58 37.2113
248.37 45.597
272.949 31.1687
261.044 44.443
250.442 42.7667 147.127 132.111 107135
245.426 47.6795 218.944 205.475 122883
246.253 47.7687 223.385 209.398 80976.2
247.393 47.775 227.085 213.575 59851.2
248.254 47.8012 234 219.297 46796.4
249.237 47.6327 236.56 221.253 26700.4
250.951 47.7343
251.996 47.7133
252.904 47.8264
254.116 47.7456
254.816 47.8026
255.575 47.5302
260.263 38.814
282.627 38.2046
268.755 38.0557
282.11 35.2393
270.863 46.1003
245.541 47.0943 200.269 188.399 111527
246.494 47.0816 200.407 189.419 60999.1
247.48 47.0418 204.605 193.04 50305.8
248.451 47.0308 211.246 199.201 35053.7
249.313 47.1523 225.042 209.309 16908.5
250.198 47.1961 233.647 215.383 15292.1
251.12 47.1646
251.864 47.0911
253.006 47.0658
253.82 47.1498
254.793 47.173
255.673 47.1152
255.804 48.4702
247.187 40.195
278.567 28.1103
245.812 46.4423 179.911 153.6 81751.4
246.507 46.4162 179.901 169.898 62544.1
247.359 46.4246 184.175 174.551 44044.7
248.324 46.5336 197.959 184.421 37011.2
249.142 46.462 214.184 188.036 15070.8
250.086 46.5663 214.319 197.199 19566.1
251.214 46.4611
251.87 46.5038
252.924 46.5408
263.386 43.7337
250.245 48.024 257.179 239.797 10323.2
280.011 42.1175
268.505 47.9462
245.668 45.7893 157.358 149.846 74133.1
246.63 45.8122 160.489 152.68 54019.3
247.507 45.8409 167.148 158.853 37472.9
248.374 45.7843 185.141 164.213 15559.6
249.341 45.9054 187.509 172.371 29606.7
250.284 45.9046 201.215 183.682 35145.1
251.056 45.8538
251.851 45.8006
252.877 45.8231
245.767 45.0931 133.923 128.95 72403.1
246.54 45.2432 141.143 135.514 51683.9
247.511 45.166 149.755 140.217 26814.2
248.195 45.2285
249.26 45.3212 170.41 156.955 33843.1
250.437 45.3171 191.822 174.113 51057.5
251.786 45.2202
252.793 45.225
245.173 33.0515 273.022 250.785 118000
275.383 44.8245
276.533 33.4112
245.145 44.5494 115.559 112.553 81605.8
245.745 44.5642 115.788 113.153 64231.9
246.633 44.6165 121.558 117.635 39309.7
247.356 44.6173 125.612 123.548 13198.4
248.752 44.7038 149.345 135.667 35909.3
249.424 44.3951 156.292 138.682 71567.7
250.336 44.6769
251.014 44.6704
252.001 44.4868
252.958 44.6277
253.648 44.5943
270.706 40.5559
264.162 29.9618
245.586 43.5625 82.0419 82.4112 56650.6
288.442 42.5064
245.883 43.9146 94.0883 93.7606 48394.9
246.548 43.9286 99.9544 98.2283 22010.1
247.515 43.9997 112.219 103.388 14881.1
248.513 43.8756 123.872 112.947 49093.7
249.424 43.92 139.875 128.518 63915
250.183 43.7013 153.553 138.882 87245
251.006 44.0363
251.872 43.9496
252.708 43.8122
253.516 43.8924
254.387 39.7997 248.862 223.283 75432.5
245.826 43.3979 77.7421 62.5423 44126.1
246.482 43.3234
247.567 43.3998 96.5601 88.4198 37852.1
248.388 43.2741 108.477 98.2895 67053.3
249.288 43.3629 127.939 116.034 85022.3
249.98 43.2112 142.18 127.692 108255
250.947 43.2649
251.916 43.3531
252.554 43.3459
253.521 43.4126
260.198 30.4794
269.752 42.9142
245.916 42.6493
246.824 42.5452 64.9288 58.3068 41064.4
247.469 42.6852 78.0299 71.0331 58887.4
248.412 42.8321 100.295 90.6377 84520
249.08 42.7507 112.961 102.672 89968.4
249.958 42.6372 133.274 119.652 125623
251.153 42.8247 163.587 146.656 103671
251.658 42.6579 175.606 156.364 107054
252.749 42.6332
253.476 42.6507
263.391 39.1009
262.107 27.5459
246.056 42.0886
246.76 42.0343 51.9875 46.7599 53674.7
247.614 42.0041 71.7144 63.3393 92431.6
248.568 42.0149 92.2305 83.1512 102690
249.127 42.0995 107.066 96.5697 96626.3
249.964 41.9243 128.375 113.979 129065
250.643 42.1012 148.016 130.909 145209
251.66 42.0073 176.044 153.815 160310
252.63 41.9641 203.577 176.837 139270
253.566 42.031 228.359 198.311 172057
254.299 42.1143
255.067 42.0432
253.777 46.6885 277.728 251.469 79311.5
288.074 44.2401
285.417 44.6197
273.002 33.0348
256.333 29.3339
245.835 41.3602
246.653 41.503 42.9469 37.9602 74594.5
247.552 41.4632 64.3211 57.2069 80989.9
248.37 41.3146 84.3705 75.4432 83373.2
249.334 41.4729 111.064 98.2633 118365
249.933 41.4272 127.379 112.057 113757
250.843 41.5047 152.686 133.315 104835
251.814 41.4906 179.227 156.598 143218
252.637 41.6067 200.737 175.86 118962
253.404 41.4033 218.166 192.859 96728.9
254.278 41.468
255.175 41.4676
280.154 39.6581
260.397 47.8481
266.423 34.5454
254.618 31.6985
246.059 46.8292 191.972 181.033 93101.3
257.228 33.9696
251.501 37.2103 212.762 200.575 33827.3
245.796 40.8556
246.813 40.8513 47.3566 41.7893 39069.7
247.48 40.8903 62.4336 56.0732 54203.1
248.563 40.8869 90.8088 80.685 82905.2
249.167 40.9425 107.548 94.9684 93808.2
250.327 40.9763 139.402 122.194 93665.9
250.823 40.8936 151.722 133.749 82888.9
251.737 40.8338 177.035 155.9 151519
252.48 40.76 197.59 174.077 149448
253.546 40.8023 225.496 198.336 117898
254.056 40.8947
255.118 40.8271
255.913 40.8132
265.339 31.7598
245.401 34.8249
245.381 34.7676 216.006 201.254 95002.9
279.822 33.1067
245.255 40.2679
246.019 40.1314
247.531 40.2807
248.498 40.2067 91.0256 83.9281 27889.3
249.262 40.1948 113.091 101.966 49202.3
249.992 40.2655 133.771 118.267 78859.3
250.876 40.2982 156.215 138.435 71068.9
251.758 40.1348 181.062 160.233 96643.4
252.53 40.2149 198.742 177.245 91681.4
253.453 40.1618
254.082 40.2109
254.927 40.1227
255.88 40.1129
257.967 40.9451
270.591 34.5118
245.984 39.455 63.8918 64.9568 73294.7
246.931 39.5906 73.1982 72.8691 54259.6
247.721 39.5708 87.6695 86.3411 30291
248.34 39.6092 109.949 81.8356 15685.5
249.26 39.473
249.754 39.6279 133.347 119.026 21013.4
251.019 39.6333 166.316 147.595 39111.2
251.609 39.4998 184.076 162.188 50086
252.551 39.524 207.687 183.938 80460.2
253.241 39.5952
254.161 39.3741
255.092 39.5144
255.832 39.5125
286.092 41.0056
245.858 34.3034 232.894 215.63 115000
290.708 45.2644
245.17 39.04 73.9384 74.0877 71387.7
245.98 38.9551 78.7906 79.1748 72908.5
246.723 38.9882 86.0613 84.742 67026.4
247.621 38.9995 99.9735 96.7418 46435
248.828 38.9176 127.098 119.748 29564.8
249.867 39.1025
250.737 38.9553
251.704 38.9541 186.262 168.058 15318
252.426 38.8347
253.09 38.8627 221.573 201.591 22398.4
254.166 38.9045
254.851 38.9641
255.753 38.9145
245.392 38.3281 98.3751 95.7008 82077.7
246.031 38.1802 104.727 102.081 90620.2
246.979 38.2987 108.32 106.31 79477.4
247.723 38.2108 122.128 118.007 80866.8
248.517 38.2843 132.34 127.858 50909.5
249.289 38.4187 144.99 137.539 37285.3
250.106 38.3862 157.992 152.857 17280.6
250.739 38.2916 176.452 166.577 13696.2
251.621 38.1888
252.45 38.3685
253.244 38.2289 232.873 210.684 13132.4
254.893 38.2315
255.717 38.1474
250.733 45.1221 193.145 174.417 66607.8
255.964 44.1212 290.814 259.441 130927
245.151 37.6083 121.494 116.785 81896.5
246.14 37.5808 125.125 120.644 100510
246.832 37.7601 123.45 119.782 94269.5
247.637 37.6761 136.389 131.345 98687.9
248.404 37.7222 146.781 139.945 76389.9
249.198 37.6354 160.377 153.26 58772
250.005 37.6903 173.761 164.727 41584.4
250.863 37.7459 188.927 178.563 27789.9
251.639 37.83
252.208 37.662
253.171 37.7461
253.998 37.7059
254.787 37.6407
255.565 37.6606
254.945 34.5715
255.734 34.5145
254.312 34.1838
254.53 34.1567
254.999 34.1517
255.333 34.1937
255.704 34.2323
256.088 34.2148
256.473 34.2135
254.23 33.9682
254.975 33.8308
255.696 33.8903
256.455 33.893
257.159 33.8774
254.406 33.6042
254.835 33.5975
255.672 33.5995
256.452 33.5806
256.882 33.5044
257.179 33.5385
257.508 33.5662
254.329 33.3102
255.659 33.259
256.402 33.1939
257.166 33.2334
254.184 32.9513
254.485 32.9369
254.82 33.0053
255.381 32.937
255.66 32.9288
256.155 33.0286
256.46 32.9317
256.794 32.9833
257.139 32.8728
257.463 32.9426
254.053 32.7572
254.845 32.6337
255.639 32.654
256.374 32.629
257.095 32.6899
253.936 32.443
254.828 32.3673
255.173 32.488
255.681 32.3766
255.96 32.2837
256.327 32.1712
256.601 32.3554
257.149 32.3691
257.452 32.2888
254.852 31.9694
255.512 32.0937
256.309 31.9895
257.063 32.0119
255.154 31.8029
255.574 31.6996
255.982 31.727
256.264 31.6679
256.605 31.7051
257.23 31.8027
257.412 31.6905
256.263 31.3663
256.365 31.1096
257.013 30.9611
257.323 31.0024
254.048 31.8742
266.785 41.9069
254.499 37.7456 266.575 244.895 12267.1
272.903 40.379
174.103 52.7308
267.196 45.2246
282.112 40.6358
245.285 36.7256 150.567 143.003 81953.5
246.093 37.0195 144.072 136.79 111026
246.916 37.0615 146.768 140.666 83503.1
247.618 37.0183 155.344 148.652 82612
248.494 36.9839 168.675 159.943 86337
249.196 36.9969 178.537 168.732 72185.1
250.126 37.1364 188.156 178.462 49025.9
250.975 36.8299 209.571 198.836 45212.4
252.466 36.9914
253.097 37.0138 255.11 235.561 23167.6
253.963 37.0361
254.948 37.0738
255.589 37.1388
249.215 32.3098
276.451 36.5439
245.461 36.4321 161.136 152.097 96400.9
246.035 36.4151 164.356 154.595 108217
246.82 36.4182 167.114 158.435 92150.7
247.708 36.428
248.87 36.1428 197.692 186.229 101428
249.338 36.5996 190.286 180.238 75338.5
250.13 36.4199 206.901 195.727 69449.5
250.792 36.2925 219.288 208.032 55868.9
251.48 36.3758 228.978 217.345 52807.5
252.342 36.4277
253.145 36.3773
253.808 36.3289
254.722 36.4093
255.592 36.3998
256.256 36.3945
245.149 35.7266 184.525 172.925 96390.8
246.016 35.8522 182.926 171.166 109095
246.895 35.6339 192.479 181.69 107503
247.827 35.8191 192.849 183.268 79711.1
249.206 35.6218 216.529 203.609 111584
250.067 35.7113 225.333 212.477 103630
250.954 35.7147 237.614 223.883 70468.9
251.534 35.7992 244.817 230.89 68871
252.362 35.8054 259.736 244.568 60086.9
253.091 35.9138
253.817 35.7452
254.728 35.7259
255.384 35.8383
256.214 35.7964
269.482 32.2185
245.13 35.301 198.258 185.587 97623.1
246.115 35.099 207.548 193.579 123482
246.917 35.2127 206.93 194.191 130575
247.733 35.1787 210.514 200.322 91540.3
248.468 35.0951 221.51 209.377 107527
249.287 35.0789 232.511 218.706 111147
250.264 35.1181 245.18 229.861 115404
250.612 35.1118 249.48 234.341 102345
251.5 35.1259 261.47 245.999 77954.2
252.352 35.117 276.659 259.637 71011.7
253.133 35.0719 292.855 274.077 87472.3
253.85 35.1605
254.592 35.2106
255.539 35.2177
256.234 35.0891
256.937 35.0637
273.706 38.2289
261.219 34.7379
248.626 35.5169 210.684 199.476 98135.1
272.17 36.1297
246.17 34.5935 224.109 208.197 133086
247.109 34.4692 232.604 216.594 146167
247.763 34.4866 233.029 220.393 97115.8
248.559 34.4178 243.37 213.114 107693
249.194 34.3371 252.69 237.594 121120
250.05 34.5293 257.775 241.877 120876
250.71 34.4275 270.597 252.874 127595
251.502 34.5421 277.97 260.518 99819.5
252.214 34.4457 290.614 273.092 85215.6
252.99 34.5058
253.812 34.581
254.565 34.5646
255.338 34.5271
256.19 34.5508
256.903 34.6469
245.476 33.7503 249.696 230.78 112966
246.171 33.8142 249.488 230.577 123763
246.995 33.9383 249.275 231.128 157672
247.667 33.9535 251.359 234.823 141959
248.522 33.8798 258.87 243.955 115607
249.156 33.6953 270.984 254.49 140938
249.966 33.7776
250.746 33.9571 283.842 265.396 142878
251.623 33.9085 297.554 278.414 135281
252.326 34.0087
253.035 33.937
253.079 34.0741
253.079 34.0739
253.945 33.9315
254.564 33.9257
255.307 33.9229
256.175 33.9232
256.837 33.8839
246.343 33.1999 270.388 248.967 148342
247.054 33.3627 268.256 247.608 177240
247.842 33.2893 273.831 254.587 150848
248.573 33.341 275.705 259.043 118943
249.528 33.2969 287.419 269.104 167169
249.964 33.0851 298.423 279.118 165039
250.734 33.2921
251.408 33.1132
252.329 33.3086
253.036 33.2555
253.768 33.2621
254.635 33.3298
255.283 33.2797
256.02 33.2716
256.785 33.315
