239.64 39.8666 152.877 136.036 91786.4
242.779 40.4314 68.996 60.5771 72028
242.694 44.8525 140.588 133.366 101112
250.442 42.7667 147.127 132.111 107135
242.88 45.2925 152.136 143.618 102826
243.732 45.3997 148.734 141.098 107150
244.674 45.1285 136.005 130.432 102692
245.767 45.0931 133.923 128.95 72403.1
246.54 45.2432 141.143 135.514 51683.9
247.511 45.166 149.755 140.217 26814.2
241.33 44.5191 151.126 142.114 91614.2
242.336 44.6653 139.681 132.504 102551
243.253 44.589 126.95 121.448 93028.5
243.987 44.7035 125.104 119.941 112091
245.145 44.5494 115.559 112.553 81605.8
245.745 44.5642 115.788 113.153 64231.9
246.633 44.6165 121.558 117.635 39309.7
247.356 44.6173 125.612 123.548 13198.4
248.752 44.7038 149.345 135.667 35909.3
245.586 43.5625 82.0419 82.4112 56650.6
240.496 44.082 157.404 131.038 61092.7
241.431 43.9104 133.723 111.32 69854
242.259 43.9733 120.537 116.371 81109.7
243.197 44.086 113.073 108.629 126703
244.042 43.9121 98.1797 96.4155 93707.1
244.867 43.7945 89.7822 89.2868 87014.8
245.883 43.9146 94.0883 93.7606 48394.9
246.548 43.9286 99.9544 98.2283 22010.1
247.515 43.9997 112.219 103.388 14881.1
248.513 43.8756 123.872 112.947 49093.7
249.424 43.92 139.875 128.518 63915
240.689 43.3736 142.529 115.919 30089.7
241.526 43.358 121.08 99.5613 47225.3
242.246 43.3471 105.573 86.659 62411.6
243.233 43.4275 91.2699 90.4733 79268.6
244.172 43.4151 81.1599 81.2764 93523.5
244.902 43.25 72.1139 73.1052 80967.6
245.826 43.3979 77.7421 62.5423 44126.1
247.567 43.3998 96.5601 88.4198 37852.1
248.388 43.2741 108.477 98.2895 67053.3
249.288 43.3629 127.939 116.034 85022.3
249.98 43.2112 142.18 127.692 108255
240.753 42.6912 122.806 110.574 10367.7
242.275 42.6996 91.5758 74.3453 22177.6
243.13 42.7779 76.3776 60.7795 51429.2
243.968 42.7713 63.6189 65.3132 79657.8
245.097 42.636 51.4423 54.2855 64228
246.824 42.5452 64.9288 58.3068 41064.4
247.469 42.6852 78.0299 71.0331 58887.4
248.412 42.8321 100.295 90.6377 84520
249.08 42.7507 112.961 102.672 89968.4
249.958 42.6372 133.274 119.652 125623
240.66 42.0187 121.864 107.236 64440.1
241.656 42.1901 96.2325 85.7382 28750
242.333 42.0192 76.5748 70.0437 26732.8
243.529 42.0773 53.3629 40.4889 22935.4
244.246 42.1669 41.7553 46.3577 59741.6
244.984 42.146 35.5204 23.3791 68929.3
246.76 42.0343 51.9875 46.7599 53674.7
247.614 42.0041 71.7144 63.3393 92431.6
248.568 42.0149 92.2305 83.1512 102690
249.127 42.0995 107.066 96.5697 96626.3
249.964 41.9243 128.375 113.979 129065
250.643 42.1012 148.016 130.909 145209
240.829 41.3884 113.322 100.217 81526.6
241.621 41.4483 93.0534 82.468 72970.5
242.55 41.423 69.0772 61.2416 66754.8
243.46 41.522 46.1805 42.1284 37266.7
245.085 41.4157 59.2405 41.4008 7371.21
246.653 41.503 42.9469 37.9602 74594.5
247.552 41.4632 64.3211 57.2069 80989.9
248.37 41.3146 84.3705 75.4432 83373.2
249.334 41.4729 111.064 98.2633 118365
249.933 41.4272 127.379 112.057 113757
250.843 41.5047 152.686 133.315 104835
239.398 40.3453 151.733 135.946 85539.6
239.603 40.1808 148.384 132.738 86160.6
239.812 40.025 145.873 129.177 99245.7
239.775 39.6502 150.496 133.933 88778.6
239.959 39.4725 149.109 132.476 93183.4
240.165 40.7484 129.909 116.139 92541.9
241.029 40.7797 107.407 96.1579 82410
241.866 40.7811 86.8267 77.5314 80265.9
242.476 40.852 70.8999 63.6275 74546.9
243.492 40.7186 46.8405 42.2199 67790.5
246.813 40.8513 47.3566 41.7893 39069.7
247.48 40.8903 62.4336 56.0732 54203.1
248.563 40.8869 90.8088 80.685 82905.2
249.167 40.9425 107.548 94.9684 93808.2
250.327 40.9763 139.402 122.194 93665.9
250.823 40.8936 151.722 133.749 82888.9
240.173 40.165 134.334 119.602 97671.2
241.123 40.1614 111.647 98.3215 92234
241.845 40.2903 93.0315 81.8504 84689.2
242.81 40.1697 71.9158 63.5342 72881.6
243.5 40.2917 55.3837 47.9584 54387.8
248.498 40.2067 91.0256 83.9281 27889.3
249.262 40.1948 113.091 101.966 49202.3
249.992 40.2655 133.771 118.267 78859.3
250.876 40.2982 156.215 138.435 71068.9
240.102 39.6785 142.059 126.293 96442.3
241.111 39.5399 121.811 107.054 94869
241.92 39.6946 101.713 88.508 93487.9
242.861 39.5516 83.7737 73.6348 45314.5
243.536 39.6202 68.8865 61.2633 26914.3
245.092 39.4731 59.3813 61.2708 59770.7
245.984 39.455 63.8918 64.9568 73294.7
246.931 39.5906 73.1982 72.8691 54259.6
247.721 39.5708 87.6695 86.3411 30291
248.34 39.6092 109.949 81.8356 15685.5
249.754 39.6279 133.347 119.026 21013.4
241.192 38.9383 132.468 116.342 79118.2
242.068 38.8606 115.593 102.071 50275.5
242.818 38.834 103.581 91.4942 24581.8
243.6 38.8247 100.57 76.6997 12237.8
244.346 38.8455 83.212 82.3991 39455.5
245.17 39.04 73.9384 74.0877 71387.7
245.98 38.9551 78.7906 79.1748 72908.5
246.723 38.9882 86.0613 84.742 67026.4
247.621 38.9995 99.9735 96.7418 46435
248.828 38.9176 127.098 119.748 29564.8
240.549 38.5226 154.404 136.198 77288.6
241.894 38.3489 132 116.523 44350.9
242.928 38.2397 121.599 101.582 6810.83
243.698 38.2886 106.651 87.8021 26573.4
244.415 38.3489 99.7785 96.4041 47449.3
245.392 38.3281 98.3751 95.7008 82077.7
246.031 38.1802 104.727 102.081 90620.2
246.979 38.2987 108.32 106.31 79477.4
247.723 38.2108 122.128 118.007 80866.8
248.517 38.2843 132.34 127.858 50909.5
249.289 38.4187 144.99 137.539 37285.3
243.405 37.923 121.728 116.821 24433.6
244.253 37.6444 123.373 117.834 59700.7
245.151 37.6083 121.494 116.785 81896.5
246.14 37.5808 125.125 120.644 100510
246.832 37.7601 123.45 119.782 94269.5
247.637 37.6761 136.389 131.345 98687.9
248.404 37.7222 146.781 139.945 76389.9
244.78 37.2408 134.1 128.031 74449
245.285 36.7256 150.567 143.003 81953.5
246.093 37.0195 144.072 136.79 111026
246.916 37.0615 146.768 140.666 83503.1
243.86 44.932 132.729 127.304 102852
243.601 44.991 136 130.084 99600
243.336 45.045 139.156 133.282 89802.5
242.966 45.164 147.591 139.45 101102
242.494 44.8448 142.802 119.259 103033
242.076 44.538 140.206 116.633 93256.4
240.241 39.3104 146.562 128.358 93218.5
241.363 42.4339 104.818 94.4712 14578
