244.867 43.7945 80.8034 92.7411 12045
248.324 46.5336 177.217 179.254 4037.82
250.183 43.7013 139.1 125.778 11115.7
249.334 41.4729 96.3217 87.5431 13138.7
251.019 39.6333 143.235 132.862 6507.2
253.244 38.2289 211.022 194.639 3831.85
248.626 35.5169 190.953 192.421 13277.7
245.285 36.7256 131.924 141.53 10291
243.665 34.8294 187.729 195.697 7176.82
240.241 39.3104 125.494 114.516 11849.9
236.727 39.7145 198.512 181.695 17484.8
236.628 42.7859 201.531 181.58 10086.8
240.331 45.2664 155.23 168.445 8360.3
242.536 45.953 154.073 161.336 13731.2
