242.895 32.8889 259.796 250.486 14371
245.42 32.5356 259.661 253.296 20863.6
246.233 32.7683 255.39 249.048 22381.5
247.117 32.7513 260.762 253.112 26955.7
247.772 32.7006 266.642 258.078 30143.1
248.296 32.5618 274.788 265.266 29111.5
239.616 49.048 268.352 258.065 27089.3
240.728 48.9534 255.68 246.062 27207.1
241.415 48.9752 251.293 242.35 27179.1
242.441 48.9813 246.512 237.517 28468
243.637 48.958 243.338 233.2 29331.2
244.347 48.9339 240.728 231.521 29237.5
245.587 48.933 241.556 232.049 28035.1
246.578 48.9725 247.125 235.692 25618.2
247.267 48.9777 249.334 238.036 20913.7
248.403 48.9482 253.134 241.745 14154
249.301 48.9448 257.057 246.651 10977
250.154 48.9198 263.271 252.316 7964.6
242.566 34.5505 214.5 208.829 10929.7
238.516 48.5183 268.318 257.858 25751.8
239.88 48.4607 249.476 241.657 24869.8
240.667 48.3584 240.355 232.051 25978.9
241.851 48.4226 233.608 225.736 27482.8
242.775 48.2995 224.703 218.307 26782.8
243.633 48.4366 227.16 219.252 28608.8
244.411 48.4694 226.325 218.817 29572.3
245.532 48.3739 224.052 216.559 26660.6
246.727 48.3609 227.39 219.308 20979.4
247.438 48.3129 229.254 220.772 17518.7
248.293 48.4128 236.024 227.337 13155.2
249.201 48.2921 237.632 229.726 9344.15
250.223 48.3943 249.96 239.698 5536.08
243.079 34.2623 219.92 213.366 14966.9
244.546 33.6552 229.478 223.678 20755.5
239.64 39.8666 138.76 126.02 23140.8
244.002 34.0006 223.039 216.038 18335.1
242.341 34.2388 225.476 218.327 10878.5
242.779 40.4314 63.5986 55.0216 20301.9
242.694 44.8525 129.299 130.828 22441.8
250.442 42.7667 137.202 122.416 26862.6
238.311 47.6947 252.126 242.767 23790.8
239.106 47.923 246.837 238.112 24590.6
239.939 47.6902 230.989 223.333 24994.5
240.955 47.7849 224.13 216.23 26836.3
241.726 47.8006 218.359 210.917 27715.1
242.692 47.8192 211.629 205.981 26792.6
244.525 47.7092 203.998 198.49 27685.2
245.426 47.6795 203.316 197.829 25254.4
246.253 47.7687 207.564 201.646 20887.9
247.393 47.775 212.646 206.159 16615.2
248.254 47.8012 217.067 211.372 11294.5
249.237 47.6327 218.398 213.369 6200.67
241.585 33.4019 253.343 244.993 9033.95
239.613 38.0345 166.214 149.253 18516.1
236.695 44.5855 250.302 208.625 2518.89
237.197 47.1109 255.592 216.564 21009.1
238.011 47.1881 242.107 236.288 20465.6
239.156 47.1935 229.879 222.081 22872.3
240.027 47.1936 218.697 211.609 25792.6
241.079 47.0573 203.04 198.317 26321.7
241.691 47.0615 197.592 193.474 26349.1
242.724 47.0547 190.428 186.592 26782
243.665 47.0477 185.458 182.496 24894.8
245.541 47.0943 186.527 182.02 24198.9
246.494 47.0816 187.01 183.54 17809.1
247.48 47.0418 189.753 187.154 13344.4
248.451 47.0308 194.698 192.882 8260.33
249.313 47.1523 206.051 201.143 4500.02
250.198 47.1961 216.569 205.425 3545.84
244.619 34.6375 201.046 197.593 18763.5
241.666 34.2535 230.667 223.484 8645.14
247.187 40.195 348.436 101.455 404.73
243.899 32.6591 265.396 251.118 18888
236.437 46.5459 260.588 217.497 17184.2
239.021 46.5433 213.702 210.261 20060.3
240.145 46.5585 201.624 196.497 25502.2
240.94 46.4911 189.765 186.575 24832.1
241.854 46.5139 182.22 179.115 27360.6
242.89 46.485 173.899 171.921 26643.6
243.791 46.3559 164.683 163.758 26028.6
245.812 46.4423 166.717 134.603 21247
246.507 46.4162 167.183 165.836 17515.4
247.359 46.4246 171.37 170.261 12099.3
248.324 46.5336 179.278 178.841 7322.85
249.142 46.462 185.785 181.164 3332.22
250.086 46.5663 201.013 187.315 5540.84
242.006 34.8811 210.753 174.678 8103.24
236.441 45.9306 249.644 208.235 11271.7
237.581 45.9325 223.785 219.79 11879
239.218 45.7664 192.799 161.807 14883.2
240.072 45.8951 185.143 183.041 20649.1
241.223 45.7971 168.544 167.998 24151.9
242.091 45.7087 164.169 158.377 8603.87
242.772 45.9734 157.897 159.032 25541.6
243.845 45.8883 151.16 151.174 26172.6
244.745 45.7565 145.554 145.916 26232.6
245.668 45.7893 147.118 146.836 21597
246.63 45.8122 149.245 150.459 14666.8
247.507 45.8409 155.495 155.635 8938.8
248.374 45.7843 156.833 158.618 3311.62
249.341 45.9054 175.167 164.612 5067.56
250.284 45.9046 188.975 173.89 10210.4
236.363 45.0404 261.281 222.676 4053.49
237.937 47.8634 261.439 250.983 24487.3
237.354 47.8872 273.615 229.975 24220.4
237.421 47.4009 259.964 218.909 22103
237.148 46.6619 246.809 239.225 16962.9
236.824 46.0753 242.206 204.504 10839.6
236.784 45.8811 239.816 202.686 10269.3
237.541 45.7151 221.387 186.477 9853.38
236.711 45.296 236.84 224.421 4240.64
236.927 44.8384 248.582 208.562 2749.84
237.553 43.7824 199.445 177.752 6872.04
236.651 43.6971 216.085 194.327 10902.5
236.193 43.5362 224.347 201.724 15984.6
235.94 42.9094 226.511 201.902 24372.6
236.879 43.4344 209.913 186.678 12260.4
236.628 42.7859 206.177 187.108 17526.9
235.934 42.5575 228.395 202.705 26733
237.173 42.2556 191.954 172.577 18149.8
241.706 33.7126 243.993 236.176 9797.67
243.137 36.4672 156.645 154.927 9734.87
237.522 45.2059 214.216 178.468 5745.7
238.683 45.2422 189.753 160.528 10385.7
239.365 45.2357 181.118 179.749 13060.4
240.331 45.2664 167.661 166.85 18026.7
241.04 45.2904 158.623 158.297 20430.3
242.22 45.2781 143.774 145.516 23336.6
242.88 45.2925 138.39 140.532 24270.5
243.732 45.3997 136.156 138.179 25109.6
244.674 45.1285 127.315 128.703 25343.2
245.767 45.0931 125.735 127.875 19420.5
246.54 45.2432 131.937 134.806 13315.7
247.511 45.166 136.726 138.103 5302.09
249.26 45.3212 159.872 149.03 6913.57
250.437 45.3171 179.011 163.404 14280.7
245.173 33.0515 244.823 239.355 19216.2
244.34 34.7846 197.971 193.709 17761.3
242.634 36.9961 149.564 116.107 4055.24
243.194 35.3018 189.015 184.869 12114.4
239.665 44.7344 165.688 137.503 10476.2
240.435 44.5913 150.376 152.461 13142.3
241.33 44.5191 136.268 138.614 16542.5
242.336 44.6653 127.905 130.006 21117.5
243.253 44.589 117.814 119.977 23438.1
243.987 44.7035 115.698 118.6 25593.8
245.145 44.5494 109.524 112.105 23131.3
245.745 44.5642 109.98 113.25 17531.2
246.633 44.6165 113.673 118.039 9227.62
247.356 44.6173 119.244 122.513 3595.48
248.752 44.7038 135.871 128.045 6567.38
249.424 44.3951 142.733 130.952 11872.4
240.467 46.3925 193.446 189.511 25623.7
243.665 34.8294 199.257 195.396 14984.5
245.586 43.5625 76.8285 83.9955 14689.4
237.043 42.6071 196.805 177.445 15449.9
239.789 43.9437 145.61 153.915 3835.13
240.496 44.082 139.401 112.998 9480.86
241.431 43.9104 122.151 95.0485 12536.4
242.259 43.9733 112.168 114.995 17504.7
243.197 44.086 104.118 107.645 24319.8
244.042 43.9121 91.8152 96.5074 23966.9
244.867 43.7945 84.5287 90.3746 21806.7
245.883 43.9146 89.8407 95.2571 12863.5
246.548 43.9286 93.2781 99.5949 6208.14
248.513 43.8756 115.248 105.614 11399.1
249.424 43.92 133.933 120.776 17333.7
250.183 43.7013 142.846 129.562 21216.7
244.855 34.1574 213.989 210.031 19523.8
241.526 35.6628 199.681 162.565 2327.09
254.387 39.7997 230.259 206.813 21043.8
241.526 43.358 108.984 84.4095 7096.02
242.246 43.3471 98.108 72.2199 12346.1
243.233 43.4275 87.4722 90.7433 19298
244.172 43.4151 76.6047 82.5173 23860.9
244.902 43.25 67.6413 74.7102 21183.5
245.826 43.3979 72.7099 50.275 11421.8
247.567 43.3998 92.3395 82.4158 8499.83
248.388 43.2741 100.401 91.7262 14851.4
249.288 43.3629 120.486 108.402 20264
249.98 43.2112 131.927 118.448 23501.4
239.107 42.7258 152.17 135.952 11650.2
240.753 42.6912 118.104 102.639 5449
243.13 42.7779 71.4204 48.2299 12402.9
243.968 42.7713 60.805 67.3096 21271.9
245.097 42.636 49.3571 57.1986 19597.7
246.824 42.5452 59.0293 53.499 10984.9
247.469 42.6852 75.7123 65.8592 13715.7
248.412 42.8321 94.0835 84.5038 18169.6
249.08 42.7507 107.369 95.6721 22249.3
249.958 42.6372 124.746 111.216 28595.6
251.153 42.8247 152.666 135.447 27057.5
251.658 42.6579 163.04 143.826 27112.4
240.66 42.0187 113.031 98.2967 15321.2
241.656 42.1901 91.5554 78.9505 9330.9
242.333 42.0192 75.1037 64.1225 8062.63
244.246 42.1669 46.3103 49.6593 16940
246.76 42.0343 55.2654 41.6196 12765.4
247.614 42.0041 66.4347 58.0969 21354.9
248.568 42.0149 87.2685 76.9785 23987.4
249.127 42.0995 101.163 89.4968 24904
249.964 41.9243 118.482 105.153 27805.7
250.643 42.1012 135.656 119.8 30898.8
251.66 42.0073 156.846 140.529 27437.1
252.63 41.9641 181.258 161.032 24499.6
253.566 42.031 205.243 181.059 25054
253.777 46.6885 260.985 234.012 21459
240.934 34.1082 247.164 232.963 6033.91
240.829 41.3884 104.562 92.0354 19954.7
241.621 41.4483 86.9308 75.3371 19400.9
242.55 41.423 65.9896 55.8071 17070.6
245.085 41.4157 59.8014 25.9156 29649.8
246.653 41.503 41.4456 34.1376 20896.6
247.552 41.4632 59.7534 52.282 21520.8
248.37 41.3146 78.1587 69.8098 20230
249.334 41.4729 101.906 90.6293 25516.7
249.933 41.4272 114.509 103.231 24903.2
250.843 41.5047 136.113 122.84 23543.5
251.814 41.4906 161.232 143.723 27840.3
252.637 41.6067 181.218 160.717 25499.4
253.404 41.4033 199.534 177.468 23238.7
236.17 44.0035 231.08 205.859 10330.9
237.12 38.1448 212.975 193.066 22596.2
236.597 41.7752 203.937 183.815 24017
237.663 41.6898 177.896 160.329 20880.6
236.119 41.702 216.504 192.858 30063.4
236.486 41.355 206.07 185.747 28750.6
237.948 41.526 173.197 154.614 23379.8
238.305 41.342 163.254 146.694 22828.3
236.695 40.222 205.565 184.347 37508.5
237.274 41.086 185.95 169.37 21623.7
237.538 40.9591 178.943 163.903 21699
238.63 41.056 155.345 139.552 24374.3
237.502 40.104 187.426 165.321 28320.4
237.082 40.764 189.848 173.902 23674.5
238.104 41.006 169.509 151.351 24169.2
238.316 40.81 162.528 147.54 24564
237.913 40.577 171.472 156.41 23805.8
238.978 40.729 149.293 133.221 25612.7
238.198 40.295 169.302 151.238 26676.1
236.845 40.453 198.687 180.433 28973.9
236.859 41.142 195.142 178.411 23371.4
236.435 40.843 207.756 187.139 32919
236.053 40.722 219.175 195.895 37188.5
236.141 40.5907 218.297 194.448 38697.9
236.198 40.483 217.593 193.676 39392.6
235.873 40.483 225.208 200.307 37536
236.252 40.483 216.686 192.948 40354.7
235.836 40.2482 226.26 202.278 34628.5
236.346 40.285 214.591 191.747 42757.5
236.497 40.101 212.761 189.78 42577
236.406 40.1882 214.867 190.775 42690.6
236.727 39.7145 208.796 187.418 39084.1
236.825 39.5703 207.511 186.078 38466.4
236.813 39.4928 207.857 186.768 35217.7
237.04 39.4666 203.821 182.113 34976.4
237.032 39.196 206.089 184.385 32140.6
237.189 39.1124 202.345 182.03 32476.9
237.24 38.9063 202.91 182.519 29084.5
236.281 39.8633 219.778 195.075 40260.5
236.525 39.622 214.997 191.635 39355.2
236.622 39.0132 216.003 194.127 30769.2
236.924 38.6639 213.313 191.251 28521.1
237.704 39.532 185.351 166.743 31156.5
237.478 39.3154 193.15 173.987 30634.1
237.845 39.2751 184.675 165.834 31005.8
237.858 39.0049 187.483 168.272 33376.9
239.398 40.3453 138.783 125.877 23179.6
238.828 40.1096 153.361 139.587 23298.3
238.473 39.719 167.147 148.919 25469.1
239.603 40.1808 135.337 122.957 23577.7
239.812 40.025 133.034 119.411 23895.2
239.359 40.0112 143.146 129.008 24495.5
239.286 39.8043 150.394 131.909 23107.3
238.837 39.3837 160.057 145.733 22893.8
239.775 39.6502 137.026 123.542 23790.2
239.959 39.4725 135.498 122.449 23117.9
239.845 39.0516 143.943 130.24 21012.2
241.164 37.6302 149.361 132.574 11708.1
243.578 32.892 256.135 247.672 17216.5
242.511 36.058 173.93 141.27 7421.28
246.059 46.8292 178.325 175.381 24366.8
242.805 33.6 239.305 231.94 13458.5
251.501 37.2103 204.181 192.397 6703.91
240.165 40.7484 119.471 107.072 23120.3
241.029 40.7797 100.324 88.4751 22515
241.866 40.7811 81.7885 70.7309 22749.5
242.476 40.852 66.9096 57.721 23407.3
245.796 40.8556 108.363 59.4779 307.399
247.48 40.8903 57.0905 51.2755 13162.9
248.563 40.8869 82.3161 74.652 17601.1
249.167 40.9425 96.6366 87.7904 19294.8
250.327 40.9763 125.316 112.946 22918.3
250.823 40.8936 136.769 123.613 22119.1
251.737 40.8338 159.921 143.143 27178.7
252.48 40.76 178.622 159.53 25448.4
253.546 40.8023 204.53 182.219 24514.3
245.381 34.7676 196.317 193.893 19468.3
242.877 48.2642 222.988 216.825 498.45
236.131 47.3917 285.85 236.631 25871.4
240.173 40.165 123.135 110.46 24514.9
241.123 40.1614 102.063 90.5587 22321.9
241.845 40.2903 85.7329 74.9103 22211.6
243.5 40.2917 51.729 42.8902 17290.8
248.498 40.2067 82.7188 79.0513 7304.81
249.262 40.1948 102.686 94.593 12486.8
249.992 40.2655 119.679 109.402 16456.2
250.876 40.2982 140.997 127.648 16777.6
251.758 40.1348 163.894 147.634 19563.8
252.53 40.2149 182.305 163.518 20108.6
241.276 34.6145 227.011 219.088 5561.31
240.102 39.6785 130.883 116.609 24691.8
241.111 39.5399 111.067 98.0729 21794
241.92 39.6946 91.1068 80.7095 20678.8
242.861 39.5516 76.0932 66.7967 13118.7
245.092 39.4731 56.0591 63.1577 18629.7
245.984 39.455 59.8681 66.8638 22048.9
246.931 39.5906 67.8564 73.6499 13984
247.721 39.5708 84.8848 86.9314 7223.44
249.754 39.6279 116.527 112.253 7450.22
251.019 39.6333 148.416 135.966 11280.3
251.609 39.4998 162.885 149.287 11358
252.551 39.524 187.103 169.608 15708.3
241.815 34.1714 231.464 224.293 9368.42
245.858 34.3034 210.531 207.129 21948.1
243.541 33.6117 237.695 226.745 101421
241.192 38.9383 119.42 106.248 18318.8
242.068 38.8606 105.626 92.6933 13520.8
244.346 38.8455 78.9811 82.9316 11933.1
245.17 39.04 69.0526 75.263 19992
245.98 38.9551 74.9461 80.2956 22008.2
246.723 38.9882 81.2743 85.3877 19065.6
247.621 38.9995 93.4467 97.7208 11789.2
248.828 38.9176 116.158 117.135 6409.88
251.704 38.9541 169.304 158.266 6599.63
252.426 38.8347 189.446 174.19 7466.76
253.09 38.8627 207.385 187.981 9723.91
240.549 38.5226 139.397 124.694 19138.5
241.894 38.3489 120.728 106.108 11312.2
243.698 38.2886 101.625 73.25 7195.97
244.415 38.3489 92.9543 96.3605 13432.6
245.392 38.3281 91.7963 95.5929 21437
246.031 38.1802 98.7959 101.662 24900.4
246.979 38.2987 102.616 105.97 22155.9
247.723 38.2108 115.225 116.894 19919.5
248.517 38.2843 127.203 126.134 13114.7
249.289 38.4187 137.696 134.762 8475.54
250.106 38.3862 154.81 147.484 5630.05
250.739 38.2916 166.784 159.298 4197.52
252.45 38.3685 193.559 181.304 4893.73
253.244 38.2289 213.417 199.373 5676.98
240.756 36.3052 182.801 167 5320.2
250.733 45.1221 178.941 162.898 18767.3
243.003 34.8753 201.575 197.668 12080.7
255.964 44.1212 270.138 239.025 27603
243.405 37.923 114.46 114.843 6842.6
244.253 37.6444 113.467 116.349 14585
245.151 37.6083 113.516 115.551 20657.9
246.14 37.5808 117.279 118.773 26584.5
246.832 37.7601 116.245 118.711 24604.7
247.637 37.6761 127.318 129.609 23672.4
248.404 37.7222 136.948 137.662 18138.8
249.198 37.6354 152.084 149.898 14413.4
250.005 37.6903 167.053 159.942 9853.19
250.863 37.7459 184.014 171.927 7133.95
238.553 36.764 213.117 190.794 18048.3
241.453 32.9799 267.731 256.094 9284.03
240.365 33.9954 257.659 244.17 3066.77
254.499 37.7456 246.827 232.794 5731.24
243.725 35.8996 168.554 166.03 14287
240.004 35.3142 223.905 199.702 6353.8
240.476 33.2479 273.351 258.59 5410.98
244.2 32.9451 249.692 243.433 17413
244.78 37.2408 124.712 125.874 19372.1
245.285 36.7256 138.098 139.999 20045.8
246.093 37.0195 132.149 133.636 25041.5
246.916 37.0615 137.276 138.172 24353.1
247.618 37.0183 145.562 145.587 24143.9
248.494 36.9839 156.995 156.121 22862.4
249.196 36.9969 165.43 164.508 18750.6
250.126 37.1364 178.187 173.604 12376.3
250.975 36.8299 200.228 192.565 11442.3
253.097 37.0138 236.83 220.821 2819.96
241.77 37.0542 145.793 137.547 2958.6
236 44.6764 264.544 219.593 3715.67
244.076 35.4358 180.059 177.187 15781.8
243.67 36.4193 154.033 152.691 13575.6
244.617 36.423 147.955 148.731 17526.5
245.461 36.4321 147.034 148.555 21077.7
246.035 36.4151 149.662 150.437 23986.3
246.82 36.4182 154.64 154.541 24081.3
248.87 36.1428 184.222 180.32 23365.1
249.338 36.5996 178.822 175.119 20748.7
250.13 36.4199 195.689 189.578 17644.9
250.792 36.2925 209.322 201.854 14683.3
251.48 36.3758 220.656 209.644 13155.2
244.57 35.8384 166.428 164.87 17704.9
245.149 35.7266 169.141 167.773 20642.3
246.016 35.8522 166.788 165.983 23441.1
246.895 35.6339 177.605 176.064 24675.4
247.827 35.8191 181.32 178.151 23263.4
249.206 35.6218 202.649 196.962 24537.9
250.067 35.7113 211.236 205.012 22345.8
250.954 35.7147 225.951 216.852 18538.6
251.534 35.7992 234.694 222.793 16145.7
252.362 35.8054 248.32 234.69 10455.9
243.86 44.932 122.915 125.494 25777.1
243.601 44.991 125.633 128.052 24970.5
243.336 45.045 128.588 131.061 23855.8
242.966 45.164 135.066 136.648 24444.5
242.641 45.427 144.448 145.636 24359.6
242.193 45.504 149.529 151.472 23783.4
242.319 45.64 152.237 154.035 24412.7
242.452 45.805 156.334 157.188 24724.4
245.13 35.301 181.963 179.218 21076.4
242.536 45.953 160.27 160.347 25953.3
246.115 35.099 189.368 186.86 24198.7
246.917 35.2127 189.963 187.663 26249.8
242.501 46.269 169.875 168.692 28036.7
247.733 35.1787 198.103 194.089 26487
248.468 35.0951 208.238 202.583 26102.3
242.356 46.512 178.232 175.689 28028.2
249.287 35.0789 218.453 211.219 26075.2
242.281 46.62 181.819 178.736 27793.5
250.264 35.1181 228.653 221.452 23760.2
250.612 35.1118 233.554 226.036 22246.7
242.494 44.8448 130.756 102.711 22144.7
251.5 35.1259 248.062 237.206 19833.1
242.076 44.538 127.939 100.055 19554.9
252.352 35.117 264.246 249.704 15730.5
253.133 35.0719 280.384 262.424 13392.6
240.241 39.3104 132.148 118.248 22285.3
237.459 40.5799 183.668 166.206 23677.9
248.626 35.5169 198.57 193.153 25662.4
241.363 42.4339 102.067 87.4522 6846.18
246.17 34.5935 203.001 200.608 23069.1
247.109 34.4692 212.636 208.399 26782.6
247.763 34.4866 217.987 212.476 27109.8
248.559 34.4178 228.631 190.709 26173.1
249.194 34.3371 237.767 228.982 29078.6
250.05 34.5293 241.708 232.94 26636.7
250.71 34.4275 252.052 243.166 24450.2
251.502 34.5421 261.719 250.709 23118
252.214 34.4457 276.2 262.502 20657.9
245.476 33.7503 225.276 220.995 20848.2
246.171 33.8142 225.891 221.203 22465.7
246.995 33.9383 226.625 221.761 26570.6
247.667 33.9535 231.343 225.254 28491.9
248.522 33.8798 242.435 234.23 29995.7
249.156 33.6953 253.907 244.658 30529.7
250.746 33.9571 265.69 254.986 26386.5
251.623 33.9085 279.829 267.103 26638.9
246.343 33.1999 244.278 237.778 23919
247.054 33.3627 243.058 236.887 26279.7
247.842 33.2893 250.692 243.674 27524.3
248.573 33.341 256.52 247.997 28335.8
249.528 33.2969 268.82 257.973 32490.5
249.964 33.0851 279.733 267.291 31920.6
