239.64 39.8666 160.222 143.595 185663
242.779 40.4314 72.6673 64.1945 118789
242.694 44.8525 154.634 138.926 239289
250.442 42.7667 159.499 139.928 306139
242.88 45.2925 158.945 148.367 130523
243.732 45.3997 157.958 145.701 291519
244.674 45.1285 145.692 134.619 225336
245.767 45.0931 139.835 132.026 120174
246.54 45.2432 146.395 138.654 92377.7
247.511 45.166 153.1 143.588 46452.3
241.33 44.5191 162.933 146.743 291400
242.336 44.6653 160.966 138.638 364233
243.253 44.589 134.298 124.808 153468
243.987 44.7035 134.698 123.665 308352
245.145 44.5494 122.749 115.085 188681
245.745 44.5642 121.047 115.547 123451
246.633 44.6165 133.122 121.524 82323.9
248.752 44.7038 165.12 143.531 137524
245.586 43.5625 86.2654 83.0717 99819.9
240.496 44.082 167.602 142.785 189095
241.431 43.9104 142.411 121.284 197514
242.259 43.9733 129.041 119.262 208652
243.197 44.086 131.116 113.293 675573
244.042 43.9121 104.911 98.2113 222338
244.867 43.7945 95.5916 90.5714 176919
245.883 43.9146 100.983 95.2138 106510
247.515 43.9997 127.835 109.383 112723
248.513 43.8756 133.784 118.934 157323
249.424 43.92 149.381 134.677 196099
240.689 43.3736 144.826 125.742 91218.1
241.526 43.358 127.38 108.42 81414.1
242.246 43.3471 111.959 94.9825 177602
243.233 43.4275 99.8242 92.3167 209681
244.172 43.4151 87.5472 82.2782 228798
244.902 43.25 76.6053 73.2984 182094
245.826 43.3979 88.8868 69.3515 88672.6
247.567 43.3998 108.123 93.7355 137301
248.388 43.2741 112.529 103.013 168971
249.288 43.3629 135.345 122.1 242007
249.98 43.2112 151.129 134.87 296945
240.753 42.6912 135.52 117.207 67041.7
242.275 42.6996 96.3773 81.5326 70078.4
243.13 42.7779 81.7265 67.5801 135152
243.968 42.7713 68.424 65.3897 238080
245.097 42.636 53.7697 53.5635 147160
246.824 42.5452 65.6011 61.0802 104203
247.469 42.6852 81.4944 74.3104 149480
248.412 42.8321 104.023 94.9828 186380
249.08 42.7507 119.493 107.942 242551
249.958 42.6372 142.409 126.338 508376
240.66 42.0187 128.939 114.186 145702
241.656 42.1901 105.915 91.7332 60588.2
242.333 42.0192 86.8979 73.9199 78726.7
243.529 42.0773 56.9577 45.7815 60869.7
244.246 42.1669 45.6679 45.425 173370
244.984 42.146 37.6054 28.2133 155583
246.76 42.0343 54.6909 49.2008 161892
247.614 42.0041 72.3566 66.829 189004
248.568 42.0149 96.503 87.3638 230408
249.127 42.0995 112.271 101.496 219360
249.964 41.9243 136.603 121.067 399740
250.643 42.1012 159.632 139.424 478840
240.829 41.3884 120.315 106.249 214208
241.621 41.4483 98.9947 87.5813 191088
242.55 41.423 73.6151 65.0243 177046
243.46 41.522 49.489 44.4006 73634.8
245.085 41.4157 57.7726 47.9118 6394.49
246.653 41.503 44.418 40.0964 174085
247.552 41.4632 65.7843 60.3016 175775
248.37 41.3146 90.6345 79.9562 169631
249.334 41.4729 118.375 104.336 338378
249.933 41.4272 137.838 119.933 301920
250.843 41.5047 172.888 142.55 154470
239.398 40.3453 160.673 143.653 192611
239.603 40.1808 157.405 140.38 146868
239.812 40.025 152.72 136.491 220600
239.775 39.6502 157.976 141.123 171526
239.959 39.4725 157.146 140.107 175457
240.165 40.7484 138.215 122.769 229476
241.029 40.7797 114.696 101.679 210840
241.866 40.7811 92.0051 82.0046 153886
242.476 40.852 75.0707 66.8501 134175
243.492 40.7186 50.2815 44.3408 156442
246.813 40.8513 48.29 43.9568 91758
247.48 40.8903 66.465 59.2211 114188
248.563 40.8869 96.9846 85.5512 247989
249.167 40.9425 120.049 101.864 338687
250.327 40.9763 156.13 131.789 225413
250.823 40.8936 167.863 143.618 123157
240.173 40.165 141.097 126.292 219998
241.123 40.1614 116.721 103.928 211425
241.845 40.2903 96.8221 86.464 167839
242.81 40.1697 73.873 66.9486 94673
245.255 40.2679 33.2618 26.3883 89881.3
246.019 40.1314 45.074 36.6047 99015.4
248.498 40.2067 106.214 90.0427 117244
249.262 40.1948 126.8 108.45 188788
249.992 40.2655 149.255 126.73 262733
250.876 40.2982 184.235 149.542 224841
240.102 39.6785 149.676 133.437 230101
241.111 39.5399 130.621 113.914 266964
241.92 39.6946 105.191 93.9945 176353
245.092 39.4731 62.0033 61.2906 116801
245.984 39.455 66.0594 64.757 145314
248.34 39.6092 122.541 95.8019 21253.5
249.26 39.473 141.277 120.19 48962
249.754 39.6279 147.325 127.246 100307
241.192 38.9383 138.603 123.754 135902
242.068 38.8606 129.362 108.753 63323.1
242.818 38.834 101.985 94.8582 51916.1
243.6 38.8247 110.069 88.8194 49324.3
244.346 38.8455 85.452 83.5716 55697.6
245.17 39.04 79.3051 75.2993 142981
245.98 38.9551 81.6452 79.6507 115192
246.723 38.9882 87.417 85.7546 88626.2
247.621 38.9995 102.527 98.5603 96919.1
248.828 38.9176 132.683 123.078 76847.2
240.549 38.5226 161.307 145.001 85498.8
242.928 38.2397 140.761 114.513 33786.4
244.415 38.3489 100.877 97.8118 68792.3
245.392 38.3281 103.578 97.8619 185283
246.031 38.1802 107.79 103.584 211506
246.979 38.2987 112.105 107.578 185973
247.723 38.2108 126.012 120.583 170531
248.517 38.2843 139.321 131.517 75239.2
249.289 38.4187 152.302 141.946 54654
242.775 37.7243 159.555 129.596 43752.8
244.253 37.6444 126.721 120.608 88904.9
245.151 37.6083 128.913 120.08 187439
246.14 37.5808 129.272 123.094 201997
246.832 37.7601 129.48 122.365 250345
247.637 37.6761 144.168 134.655 272618
248.404 37.7222 153.168 143.845 173881
244.78 37.2408 140.138 131.635 163466
245.285 36.7256 158.119 147.531 214042
246.093 37.0195 150.67 140.84 269425
246.916 37.0615 153.07 144.047 182492
243.751 36.9488 158.531 139.589 5.25541
243.86 44.932 143.28 131.466 275109
243.601 44.991 145.027 134.115 193906
243.336 45.045 147.659 137.18 167629
242.966 45.164 153.78 143.874 120995
242.494 44.8448 158.004 131.002 311065
242.076 44.538 172.198 130.389 214560
240.241 39.3104 153.909 136.305 168493
241.363 42.4339 119.357 101.182 68773.8
