242.895 32.8889 286.917 263.099 70240.4
245.42 32.5356 290.402 265.646 132780
246.233 32.7683 283.153 260.949 136483
247.117 32.7513 288.556 265.345 189913
247.772 32.7006 292.225 270.394 190170
248.296 32.5618 299.63 277.926 159388
239.616 49.048 295.698 271.043 152556
240.728 48.9534 281.786 258.659 163845
241.415 48.9752 274.712 254.182 141639
242.441 48.9813 266.322 248.098 129762
243.637 48.958 261.301 243.787 143280
244.347 48.9339 259.806 242.111 156851
245.587 48.933 259.782 242.454 141682
246.578 48.9725 263.707 246.242 118358
247.267 48.9777 265.204 248.464 75298.5
248.403 48.9482 269.62 251.915 60062.7
249.301 48.9448 276.057 257.559 57743.6
250.154 48.9198 283.04 263.231 39958.8
242.566 34.5505 237.216 218.221 61356.5
238.516 48.5183 299.177 272.374 144619
239.88 48.4607 276.296 253.508 148034
240.667 48.3584 265.484 243.625 154950
241.851 48.4226 254.555 236.273 136140
242.775 48.2995 243.387 227.502 121903
243.633 48.4366 244.162 228.468 127085
244.411 48.4694 245.147 228.594 151712
245.532 48.3739 241.303 225.631 130050
246.727 48.3609 243.735 228.182 79197.6
247.438 48.3129 243.794 229.464 55855.9
248.293 48.4128 253.589 236.468 54896.8
249.201 48.2921 255.74 239.151 38232.1
250.223 48.3943 269.249 249.503 28274.9
243.079 34.2623 241.402 222.908 64213.2
244.546 33.6552 254.664 234.39 125475
239.64 39.8666 152.877 136.036 91786.4
244.002 34.0006 245.499 226.071 92207
242.341 34.2388 249.076 228.631 59527.1
242.779 40.4314 68.996 60.5771 72028
242.694 44.8525 140.588 133.366 101112
250.442 42.7667 147.127 132.111 107135
238.311 47.6947 283.422 256.745 141684
239.106 47.923 275.63 251.018 136338
239.939 47.6902 256.656 234.919 135692
240.955 47.7849 246.621 226.699 153250
241.726 47.8006 239.225 220.703 140105
242.692 47.8192 229.574 214.613 115503
244.525 47.7092 220.129 206.362 130856
245.426 47.6795 218.944 205.475 122883
246.253 47.7687 223.385 209.398 80976.2
247.393 47.775 227.085 213.575 59851.2
248.254 47.8012 234 219.297 46796.4
249.237 47.6327 236.56 221.253 26700.4
241.585 33.4019 286.513 259.039 62559.3
239.613 38.0345 182.713 162.77 65232.8
236.695 44.5855 251.889 228.694 23629.5
241.92 36.4399 186.314 160.907 11143.2
237.197 47.1109 284.677 243.911 142673
238.011 47.1881 272.767 249.141 110446
239.156 47.1935 259.179 234.522 162275
240.027 47.1936 243.353 222.552 145744
241.079 47.0573 224.762 207.143 145075
241.691 47.0615 217.557 201.659 133006
242.724 47.0547 207.194 193.892 123043
243.665 47.0477 201.446 188.885 119044
245.541 47.0943 200.269 188.399 111527
246.494 47.0816 200.407 189.419 60999.1
247.48 47.0418 204.605 193.04 50305.8
248.451 47.0308 211.246 199.201 35053.7
249.313 47.1523 225.042 209.309 16908.5
250.198 47.1961 233.647 215.383 15292.1
244.619 34.6375 221.506 205.588 99816.3
241.666 34.2535 256.032 234.94 51513.5
243.899 32.6591 291.218 265.238 101866
236.437 46.5459 284.661 245.009 101263
239.021 46.5433 241.058 220.379 104920
240.145 46.5585 225.434 206.074 158946
240.94 46.4911 210.959 194.423 144100
241.854 46.5139 200.29 186.13 139337
242.89 46.485 187.808 177.3 100087
243.791 46.3559 179.392 168.507 112953
245.812 46.4423 179.911 153.6 81751.4
246.507 46.4162 179.901 169.898 62544.1
247.359 46.4246 184.175 174.551 44044.7
248.324 46.5336 197.959 184.421 37011.2
249.142 46.462 214.184 188.036 15070.8
250.086 46.5663 214.319 197.199 19566.1
242.006 34.8811 233.977 198.463 47793.7
250.245 48.024 257.179 239.797 10323.2
236.441 45.9306 275.052 234.851 87627.6
237.581 45.9325 250.202 230.431 73525.7
239.218 45.7664 218.016 184.425 97107.5
240.072 45.8951 206.912 190.606 139345
241.223 45.7971 186.448 173.77 133880
242.091 45.7087 177.308 161.568 34790.4
242.772 45.9734 173.402 163.205 106271
243.845 45.8883 165.15 154.906 111430
244.745 45.7565 156.587 149.064 109192
245.668 45.7893 157.358 149.846 74133.1
246.63 45.8122 160.489 152.68 54019.3
247.507 45.8409 167.148 158.853 37472.9
248.374 45.7843 185.141 164.213 15559.6
249.341 45.9054 187.509 172.371 29606.7
250.284 45.9046 201.215 183.682 35145.1
236.363 45.0404 266.066 240.638 41926.6
237.539 44.407 229.117 193.061 23684.3
237.937 47.8634 294.296 266.049 174822
237.354 47.8872 309.229 260.422 165749
237.421 47.4009 288.526 247.169 132230
237.148 46.6619 275.778 251.73 111981
236.824 46.0753 268.035 230.063 77190.7
236.784 45.8811 266.735 227.86 86346.2
237.541 45.7151 246.906 211.306 77110.4
236.711 45.296 259.881 236.943 51831.9
236.927 44.8384 250.148 226.592 45310.2
236.651 43.6971 237.148 210.208 23808.7
236.193 43.5362 249.541 219.453 46491.5
235.94 42.9094 247.788 219.42 90401.8
236.879 43.4344 229.073 202.479 34353.3
236.628 42.7859 227.48 202.083 55182.8
235.934 42.5575 248.269 220.095 92176.2
237.173 42.2556 212.254 187.257 71897
241.706 33.7126 275.091 249.556 69344
243.137 36.4672 170.745 159.779 42563.9
237.522 45.2059 240.043 203.778 61531.5
238.683 45.2422 215.744 183.267 84465.4
239.365 45.2357 202.137 187.606 76957.9
240.331 45.2664 186.791 173.036 104201
241.04 45.2904 174.657 163.085 96748.7
242.22 45.2781 158.252 149.115 112151
242.88 45.2925 152.136 143.618 102826
243.732 45.3997 148.734 141.098 107150
244.674 45.1285 136.005 130.432 102692
245.767 45.0931 133.923 128.95 72403.1
246.54 45.2432 141.143 135.514 51683.9
247.511 45.166 149.755 140.217 26814.2
249.26 45.3212 170.41 156.955 33843.1
250.437 45.3171 191.822 174.113 51057.5
245.173 33.0515 273.022 250.785 118000
244.34 34.7846 217.676 201.759 93082.9
242.634 36.9961 162.485 134.848 21702.5
243.194 35.3018 206.815 192.339 61073.2
237.814 44.6837 227.089 191.133 36279.3
239.665 44.7344 186.465 157.626 64200.6
240.435 44.5913 168.032 157.445 73565.3
241.33 44.5191 151.126 142.114 91614.2
242.336 44.6653 139.681 132.504 102551
243.253 44.589 126.95 121.448 93028.5
243.987 44.7035 125.104 119.941 112091
245.145 44.5494 115.559 112.553 81605.8
245.745 44.5642 115.788 113.153 64231.9
246.633 44.6165 121.558 117.635 39309.7
247.356 44.6173 125.612 123.548 13198.4
248.752 44.7038 149.345 135.667 35909.3
249.424 44.3951 156.292 138.682 71567.7
240.467 46.3925 214.985 197.771 141984
243.665 34.8294 219.607 203.173 76184.2
245.586 43.5625 82.0419 82.4112 56650.6
237.043 42.6071 217.923 191.957 59124.3
239.789 43.9437 173.742 158.126 43307.5
240.496 44.082 157.404 131.038 61092.7
241.431 43.9104 133.723 111.32 69854
242.259 43.9733 120.537 116.371 81109.7
243.197 44.086 113.073 108.629 126703
244.042 43.9121 98.1797 96.4155 93707.1
244.867 43.7945 89.7822 89.2868 87014.8
245.883 43.9146 94.0883 93.7606 48394.9
246.548 43.9286 99.9544 98.2283 22010.1
247.515 43.9997 112.219 103.388 14881.1
248.513 43.8756 123.872 112.947 49093.7
249.424 43.92 139.875 128.518 63915
250.183 43.7013 153.553 138.882 87245
244.855 34.1574 236.801 219.118 111039
254.387 39.7997 248.862 223.283 75432.5
240.689 43.3736 142.529 115.919 30089.7
241.526 43.358 121.08 99.5613 47225.3
242.246 43.3471 105.573 86.659 62411.6
243.233 43.4275 91.2699 90.4733 79268.6
244.172 43.4151 81.1599 81.2764 93523.5
244.902 43.25 72.1139 73.1052 80967.6
245.826 43.3979 77.7421 62.5423 44126.1
247.567 43.3998 96.5601 88.4198 37852.1
248.388 43.2741 108.477 98.2895 67053.3
249.288 43.3629 127.939 116.034 85022.3
249.98 43.2112 142.18 127.692 108255
239.107 42.7258 167.106 147.775 45820.4
240.753 42.6912 122.806 110.574 10367.7
242.275 42.6996 91.5758 74.3453 22177.6
243.13 42.7779 76.3776 60.7795 51429.2
243.968 42.7713 63.6189 65.3132 79657.8
245.097 42.636 51.4423 54.2855 64228
246.824 42.5452 64.9288 58.3068 41064.4
247.469 42.6852 78.0299 71.0331 58887.4
248.412 42.8321 100.295 90.6377 84520
249.08 42.7507 112.961 102.672 89968.4
249.958 42.6372 133.274 119.652 125623
251.153 42.8247 163.587 146.656 103671
251.658 42.6579 175.606 156.364 107054
240.66 42.0187 121.864 107.236 64440.1
241.656 42.1901 96.2325 85.7382 28750
242.333 42.0192 76.5748 70.0437 26732.8
243.529 42.0773 53.3629 40.4889 22935.4
244.246 42.1669 41.7553 46.3577 59741.6
244.984 42.146 35.5204 23.3791 68929.3
246.76 42.0343 51.9875 46.7599 53674.7
247.614 42.0041 71.7144 63.3393 92431.6
248.568 42.0149 92.2305 83.1512 102690
249.127 42.0995 107.066 96.5697 96626.3
249.964 41.9243 128.375 113.979 129065
250.643 42.1012 148.016 130.909 145209
251.66 42.0073 176.044 153.815 160310
252.63 41.9641 203.577 176.837 139270
253.566 42.031 228.359 198.311 172057
253.777 46.6885 277.728 251.469 79311.5
240.934 34.1082 275.27 248.355 40782.4
240.829 41.3884 113.322 100.217 81526.6
241.621 41.4483 93.0534 82.468 72970.5
242.55 41.423 69.0772 61.2416 66754.8
243.46 41.522 46.1805 42.1284 37266.7
245.085 41.4157 59.2405 41.4008 7371.21
246.653 41.503 42.9469 37.9602 74594.5
247.552 41.4632 64.3211 57.2069 80989.9
248.37 41.3146 84.3705 75.4432 83373.2
249.334 41.4729 111.064 98.2633 118365
249.933 41.4272 127.379 112.057 113757
250.843 41.5047 152.686 133.315 104835
251.814 41.4906 179.227 156.598 143218
252.637 41.6067 200.737 175.86 118962
253.404 41.4033 218.166 192.859 96728.9
236.17 44.0035 257.194 223.699 19928.9
237.12 38.1448 253.059 212.837 66544.7
236.597 41.7752 222.733 198.833 73543.6
237.663 41.6898 198.951 174.289 110468
236.119 41.702 236.852 209.966 113009
236.486 41.355 225.607 200.758 98490.9
237.948 41.526 189.981 167.59 106648
238.305 41.342 179.029 158.89 99729.7
236.695 40.222 225.32 200.153 145778
237.274 41.086 204.883 182.34 78227.9
237.538 40.9591 198.791 176.545 83235.9
238.63 41.056 170.573 151.398 108975
237.502 40.104 208.346 181.161 180754
237.082 40.764 208.689 186.964 77794.2
238.104 41.006 184.772 163.853 96816.4
238.316 40.81 180.776 159.412 118466
237.913 40.577 190.411 169.149 103176
238.978 40.729 162.367 144.102 108821
238.198 40.295 182.523 163.815 95919.1
237.901 40.157 199.802 174.774 6205.95
236.845 40.453 216.904 194.431 94977.2
236.859 41.142 214.309 191.71 71306.4
236.435 40.843 224.725 202.1 95132.9
236.053 40.722 238.174 212.632 158399
236.141 40.5907 237.728 211.48 181133
236.198 40.483 236.811 210.832 173331
235.873 40.483 248.293 219.257 188309
236.252 40.483 235.852 210.17 165723
235.836 40.2482 252.778 221.835 154781
236.346 40.285 234.226 208.568 168420
236.497 40.101 234.132 206.789 189686
236.406 40.1882 234.723 208.012 183192
236.727 39.7145 235.125 204.861 166525
236.825 39.5703 233.734 203.474 136513
236.813 39.4928 235.295 204.36 117695
237.04 39.4666 225.293 198.578 109872
237.032 39.196 232.991 201.94 115002
237.189 39.1124 230.494 199.273 124593
237.24 38.9063 234.054 200.143 124519
236.281 39.8633 246.554 214.596 192657
236.525 39.622 243.712 210.373 175439
236.622 39.0132 249.833 214.057 102236
236.924 38.6639 248.871 211.36 97171.8
237.704 39.532 202.368 180.485 146594
237.478 39.3154 216.251 189.375 166889
237.845 39.2751 204.4 179.986 177989
237.858 39.0049 208.415 183.523 191863
239.398 40.3453 151.733 135.946 85539.6
238.828 40.1096 168.547 150.581 88743.5
238.473 39.719 181.066 161.258 93716.4
239.603 40.1808 148.384 132.738 86160.6
239.812 40.025 145.873 129.177 99245.7
239.359 40.0112 156.17 139.046 91508.2
239.286 39.8043 160.126 142.679 80265.2
238.837 39.3837 176.233 156.737 76985.7
239.775 39.6502 150.496 133.933 88778.6
239.959 39.4725 149.109 132.476 93183.4
239.845 39.0516 160.68 141.044 85179.1
241.164 37.6302 162.634 145.581 39871.1
243.578 32.892 284.722 260.685 82212.6
242.511 36.058 192.669 161.76 39545.3
246.059 46.8292 191.972 181.033 93101.3
242.805 33.6 264.12 243.202 62672.1
251.501 37.2103 212.762 200.575 33827.3
240.165 40.7484 129.909 116.139 92541.9
241.029 40.7797 107.407 96.1579 82410
241.866 40.7811 86.8267 77.5314 80265.9
242.476 40.852 70.8999 63.6275 74546.9
243.492 40.7186 46.8405 42.2199 67790.5
246.813 40.8513 47.3566 41.7893 39069.7
247.48 40.8903 62.4336 56.0732 54203.1
248.563 40.8869 90.8088 80.685 82905.2
249.167 40.9425 107.548 94.9684 93808.2
250.327 40.9763 139.402 122.194 93665.9
250.823 40.8936 151.722 133.749 82888.9
251.737 40.8338 177.035 155.9 151519
252.48 40.76 197.59 174.077 149448
253.546 40.8023 225.496 198.336 117898
245.381 34.7676 216.006 201.254 95002.9
242.877 48.2642 241.809 225.935 2319.6
236.131 47.3917 311.418 267.232 146566
240.173 40.165 134.334 119.602 97671.2
241.123 40.1614 111.647 98.3215 92234
241.845 40.2903 93.0315 81.8504 84689.2
242.81 40.1697 71.9158 63.5342 72881.6
243.5 40.2917 55.3837 47.9584 54387.8
248.498 40.2067 91.0256 83.9281 27889.3
249.262 40.1948 113.091 101.966 49202.3
249.992 40.2655 133.771 118.267 78859.3
250.876 40.2982 156.215 138.435 71068.9
251.758 40.1348 181.062 160.233 96643.4
252.53 40.2149 198.742 177.245 91681.4
240.102 39.6785 142.059 126.293 96442.3
241.111 39.5399 121.811 107.054 94869
241.92 39.6946 101.713 88.508 93487.9
242.861 39.5516 83.7737 73.6348 45314.5
243.536 39.6202 68.8865 61.2633 26914.3
245.092 39.4731 59.3813 61.2708 59770.7
245.984 39.455 63.8918 64.9568 73294.7
246.931 39.5906 73.1982 72.8691 54259.6
247.721 39.5708 87.6695 86.3411 30291
248.34 39.6092 109.949 81.8356 15685.5
249.754 39.6279 133.347 119.026 21013.4
251.019 39.6333 166.316 147.595 39111.2
251.609 39.4998 184.076 162.188 50086
252.551 39.524 207.687 183.938 80460.2
241.815 34.1714 256.643 235.583 50827
245.858 34.3034 232.894 215.63 115000
243.541 33.6117 261.232 239.259 450846
241.192 38.9383 132.468 116.342 79118.2
242.068 38.8606 115.593 102.071 50275.5
242.818 38.834 103.581 91.4942 24581.8
243.6 38.8247 100.57 76.6997 12237.8
244.346 38.8455 83.212 82.3991 39455.5
245.17 39.04 73.9384 74.0877 71387.7
245.98 38.9551 78.7906 79.1748 72908.5
246.723 38.9882 86.0613 84.742 67026.4
247.621 38.9995 99.9735 96.7418 46435
248.828 38.9176 127.098 119.748 29564.8
251.704 38.9541 186.262 168.058 15318
253.09 38.8627 221.573 201.591 22398.4
240.549 38.5226 154.404 136.198 77288.6
241.894 38.3489 132 116.523 44350.9
242.928 38.2397 121.599 101.582 6810.83
243.698 38.2886 106.651 87.8021 26573.4
244.415 38.3489 99.7785 96.4041 47449.3
245.392 38.3281 98.3751 95.7008 82077.7
246.031 38.1802 104.727 102.081 90620.2
246.979 38.2987 108.32 106.31 79477.4
247.723 38.2108 122.128 118.007 80866.8
248.517 38.2843 132.34 127.858 50909.5
249.289 38.4187 144.99 137.539 37285.3
250.106 38.3862 157.992 152.857 17280.6
250.739 38.2916 176.452 166.577 13696.2
253.244 38.2289 232.873 210.684 13132.4
240.756 36.3052 203.994 181.69 22015.7
250.733 45.1221 193.145 174.417 66607.8
243.003 34.8753 222.654 205.727 64580.6
255.964 44.1212 290.814 259.441 130927
243.405 37.923 121.728 116.821 24433.6
244.253 37.6444 123.373 117.834 59700.7
245.151 37.6083 121.494 116.785 81896.5
246.14 37.5808 125.125 120.644 100510
246.832 37.7601 123.45 119.782 94269.5
247.637 37.6761 136.389 131.345 98687.9
248.404 37.7222 146.781 139.945 76389.9
249.198 37.6354 160.377 153.26 58772
250.005 37.6903 173.761 164.727 41584.4
250.863 37.7459 188.927 178.563 27789.9
238.553 36.764 238.533 208.938 94778.8
240.285 34.4408 314.407 244.301 33774.3
241.453 32.9799 300.184 271.087 61531.6
240.365 33.9954 292.646 260.915 27236.9
254.499 37.7456 266.575 244.895 12267.1
243.725 35.8996 181.747 171.562 48821.4
240.004 35.3142 263.924 220.741 27452.3
240.476 33.2479 307.246 275.105 55081.7
244.2 32.9451 282.463 256.236 130644
244.78 37.2408 134.1 128.031 74449
245.285 36.7256 150.567 143.003 81953.5
246.093 37.0195 144.072 136.79 111026
246.916 37.0615 146.768 140.666 83503.1
247.618 37.0183 155.344 148.652 82612
248.494 36.9839 168.675 159.943 86337
249.196 36.9969 178.537 168.732 72185.1
250.126 37.1364 188.156 178.462 49025.9
250.975 36.8299 209.571 198.836 45212.4
253.097 37.0138 255.11 235.561 23167.6
241.77 37.0542 166.956 149.006 13962.2
236 44.6764 270.617 244.496 24606.6
244.076 35.4358 196.406 183.546 68087.2
243.67 36.4193 167.936 157.011 60202.2
244.617 36.423 162.429 152.717 74491.3
245.461 36.4321 161.136 152.097 96400.9
246.035 36.4151 164.356 154.595 108217
246.82 36.4182 167.114 158.435 92150.7
248.87 36.1428 197.692 186.229 101428
249.338 36.5996 190.286 180.238 75338.5
250.13 36.4199 206.901 195.727 69449.5
250.792 36.2925 219.288 208.032 55868.9
251.48 36.3758 228.978 217.345 52807.5
244.57 35.8384 181.018 170.169 76045.1
245.149 35.7266 184.525 172.925 96390.8
246.016 35.8522 182.926 171.166 109095
246.895 35.6339 192.479 181.69 107503
247.827 35.8191 192.849 183.268 79711.1
249.206 35.6218 216.529 203.609 111584
250.067 35.7113 225.333 212.477 103630
250.954 35.7147 237.614 223.883 70468.9
251.534 35.7992 244.817 230.89 68871
252.362 35.8054 259.736 244.568 60086.9
243.86 44.932 132.729 127.304 102852
243.601 44.991 136 130.084 99600
243.336 45.045 139.156 133.282 89802.5
242.966 45.164 147.591 139.45 101102
242.641 45.427 158.376 149.163 105933
242.193 45.504 165.873 155.204 118142
242.319 45.64 168.689 157.691 118005
242.452 45.805 172.195 161.129 116402
245.13 35.301 198.258 185.587 97623.1
242.536 45.953 175.199 164.684 104837
246.115 35.099 207.548 193.579 123482
246.917 35.2127 206.93 194.191 130575
242.501 46.269 186.663 174.245 125462
247.733 35.1787 210.514 200.322 91540.3
248.468 35.0951 221.51 209.377 107527
242.356 46.512 195.279 181.948 133200
249.287 35.0789 232.511 218.706 111147
242.281 46.62 198.681 185.363 126724
250.264 35.1181 245.18 229.861 115404
250.612 35.1118 249.48 234.341 102345
242.494 44.8448 142.802 119.259 103033
251.5 35.1259 261.47 245.999 77954.2
242.076 44.538 140.206 116.633 93256.4
252.352 35.117 276.659 259.637 71011.7
253.133 35.0719 292.855 274.077 87472.3
240.241 39.3104 146.562 128.358 93218.5
237.459 40.5799 200.507 179.046 82656.5
248.626 35.5169 210.684 199.476 98135.1
241.363 42.4339 104.818 94.4712 14578
246.17 34.5935 224.109 208.197 133086
247.109 34.4692 232.604 216.594 146167
247.763 34.4866 233.029 220.393 97115.8
248.559 34.4178 243.37 213.114 107693
249.194 34.3371 252.69 237.594 121120
250.05 34.5293 257.775 241.877 120876
250.71 34.4275 270.597 252.874 127595
251.502 34.5421 277.97 260.518 99819.5
252.214 34.4457 290.614 273.092 85215.6
245.476 33.7503 249.696 230.78 112966
246.171 33.8142 249.488 230.577 123763
246.995 33.9383 249.275 231.128 157672
247.667 33.9535 251.359 234.823 141959
248.522 33.8798 258.87 243.955 115607
249.156 33.6953 270.984 254.49 140938
250.746 33.9571 283.842 265.396 142878
251.623 33.9085 297.554 278.414 135281
246.343 33.1999 270.388 248.967 148342
247.054 33.3627 268.256 247.608 177240
247.842 33.2893 273.831 254.587 150848
248.573 33.341 275.705 259.043 118943
249.528 33.2969 287.419 269.104 167169
249.964 33.0851 298.423 279.118 165039
