245.42 32.5356 277.975 257.842 49653
246.233 32.7683 273.647 253.79 54263.2
247.117 32.7513 277.93 257.887 66300.6
247.772 32.7006 283.869 263.185 72892.6
248.296 32.5618 292.449 270.688 69643.3
249.261 32.5716
250.03 32.6399
250.697 32.7663
251.367 32.5466
252.215 32.5324
252.999 32.6995
253.738 32.6349
254.546 32.7001
255.343 32.6588
255.98 32.6462
256.643 32.6764
247.189 31.9559
248.543 32.0022
249.184 31.7748
249.954 31.9737
250.741 31.9989
251.473 31.9041
252.222 32.0094
252.899 32.1046
253.572 32.0062
254.477 32.076
255.177 32.1101
255.899 32.0618
256.708 32.012
250.009 31.439
250.719 31.3757
251.472 31.3369
254.517 31.4425
255.029 31.3711
256.021 31.3165
256.508 31.3691
257.19 31.3818
255.014 30.7862
255.971 30.6689
256.598 30.8498
257.315 30.7263
255.91 30.0609
256.388 30.1456
257.212 30.1615
255.867 29.554
256.611 29.4528
257.112 29.4862
245.587 48.933 253.885 236.703 60780.1
246.578 48.9725 257.503 240.595 52779.8
247.267 48.9777 260.007 242.883 40868.3
248.403 48.9482 261.996 246.462 25156.6
249.301 48.9448 268.776 251.537 22567.4
250.154 48.9198 274.957 257.051 16420.4
251.257 48.9286
252.074 48.8799
253.075 48.9912
254.085 48.9926
255.121 48.9592
255.998 48.9239
276.343 42.3012
277.018 40.2319
264.138 48.2977
258.319 34.8837
253.543 34.9459
245.532 48.3739 235.463 220.555 56633.8
246.727 48.3609 238.013 223.265 39319.2
247.438 48.3129 238.825 224.895 31006.3
248.293 48.4128 245.211 231.315 23276.6
249.201 48.2921 248.929 233.966 18101.8
250.223 48.3943 260.052 244.277 10547.9
251.056 48.4551
251.979 48.4389
252.983 48.4278
254.004 48.3008
255.009 48.4643
284.014 42.1993
279.58 37.2113
248.37 45.597
272.949 31.1687
261.044 44.443
250.442 42.7667 142.281 127.136 52873.3
245.426 47.6795 213.804 200.993 53508.9
246.253 47.7687 217.99 204.984 41103.1
247.393 47.775 221.307 209.518 30359.8
248.254 47.8012 227.304 214.623 20511.3
249.237 47.6327 232.363 216.774 12179.5
250.951 47.7343
251.996 47.7133
252.904 47.8264
254.116 47.7456
254.816 47.8026
255.575 47.5302
260.263 38.814
282.627 38.2046
268.755 38.0557
282.11 35.2393
270.863 46.1003
245.541 47.0943 195.095 184.675 51479.7
246.494 47.0816 195.69 185.862 35465.4
247.48 47.0418 198.497 189.182 25288.8
248.451 47.0308 207.172 195.301 16387.7
249.313 47.1523 219.48 204.717 8518.61
250.198 47.1961 225.881 209.407 6955.53
251.12 47.1646
251.864 47.0911
253.006 47.0658
253.82 47.1498
254.793 47.173
255.673 47.1152
255.804 48.4702
247.187 40.195
278.567 28.1103
245.812 46.4423 174.416 144.378 44419.9
246.507 46.4162 173.034 167.253 32869.8
247.359 46.4246 178.04 171.49 23092.3
248.324 46.5336 189.677 180.679 15485.5
249.142 46.462 191.976 183.542 6602.4
250.086 46.5663 207.989 192 10995.1
251.214 46.4611
251.87 46.5038
252.924 46.5408
263.386 43.7337
250.245 48.024 257.965 233.836 4558.03
280.011 42.1175
268.505 47.9462
245.668 45.7893 152.366 147.789 40970.5
246.63 45.8122 153.512 150.817 27395
247.507 45.8409 160.54 156.264 17227.5
248.374 45.7843 168.599 160.327 7870.31
249.341 45.9054 180.795 168.504 11741
250.284 45.9046 193.505 178.568 18840.2
251.056 45.8538
251.851 45.8006
252.877 45.8231
245.767 45.0931 129.158 127.914 37718.6
246.54 45.2432 134.528 134.442 25281.7
247.511 45.166 139.76 138.29 10064.1
248.195 45.2285
249.26 45.3212 165.498 153.102 14903.3
250.437 45.3171 185.004 168.47 27524.1
251.786 45.2202
252.793 45.225
245.173 33.0515 262.643 243.584 46719.5
275.383 44.8245
276.533 33.4112
245.145 44.5494 112.267 111.842 45160.9
245.745 44.5642 112.444 112.81 34712.2
246.633 44.6165 115.642 117.169 17976.3
247.356 44.6173 124.998 122.686 6972.49
248.752 44.7038 143.541 131.528 14165.3
249.424 44.3951 144.828 134.325 25552.9
250.336 44.6769
251.014 44.6704
252.001 44.4868
252.958 44.6277
253.648 44.5943
270.706 40.5559
264.162 29.9618
245.586 43.5625 80.6062 82.7452 28477.6
288.442 42.5064
245.883 43.9146 91.3997 94.2133 24236.8
246.548 43.9286 95.6255 98.3629 11509.4
247.515 43.9997 108.841 100.396 6176.95
248.513 43.8756 121.43 109.306 24778.5
249.424 43.92 136.636 124.69 32898.8
250.183 43.7013 148.229 134.033 41618.8
251.006 44.0363
251.872 43.9496
252.708 43.8122
253.516 43.8924
254.387 39.7997 241.202 214.901 42690.8
245.826 43.3979 76.4163 57.0191 21846.9
246.482 43.3234
247.567 43.3998 95.2822 85.6236 17665.1
248.388 43.2741 105.549 94.7779 31854.2
249.288 43.3629 124.151 112.208 41289.7
249.98 43.2112 137.306 122.885 49475.8
250.947 43.2649
251.916 43.3531
252.554 43.3459
253.521 43.4126
260.198 30.4794
269.752 42.9142
245.916 42.6493
246.824 42.5452 63.9708 55.8015 21442.8
247.469 42.6852 76.7583 68.683 27506.2
248.412 42.8321 96.7978 87.4513 37247.2
249.08 42.7507 110.163 99.2327 45521.4
249.958 42.6372 128.141 115.298 57755.8
251.153 42.8247 158.38 140.977 52437.1
251.658 42.6579 169.641 150.277 54058
252.749 42.6332
253.476 42.6507
263.391 39.1009
262.107 27.5459
246.056 42.0886
246.76 42.0343 52.728 44.7974 28387.2
247.614 42.0041 68.5294 60.6066 41233.2
248.568 42.0149 89.7368 80.1103 47773.1
249.127 42.0995 103.795 93.105 50136.1
249.964 41.9243 123.069 109.504 58769.1
250.643 42.1012 142.877 125.322 68014.8
251.66 42.0073 167.982 146.585 62727.9
252.63 41.9641 193.002 168.302 54299.1
253.566 42.031 214.844 189.024 56338.2
254.299 42.1143
255.067 42.0432
253.777 46.6885 270.137 242.865 41775.7
288.074 44.2401
285.417 44.6197
273.002 33.0348
256.333 29.3339
245.835 41.3602
246.653 41.503 42.055 36.1436 39529.9
247.552 41.4632 62.7307 54.7313 41903.3
248.37 41.3146 81.239 72.5592 38643.7
249.334 41.4729 105.979 94.279 53833.1
249.933 41.4272 121.06 107.23 52640.1
250.843 41.5047 143.336 127.375 46040
251.814 41.4906 169.31 149.599 56581.9
252.637 41.6067 191.43 167.864 52143.9
253.404 41.4033 208.637 184.85 43948.4
254.278 41.468
255.175 41.4676
280.154 39.6581
260.397 47.8481
266.423 34.5454
254.618 31.6985
246.059 46.8292 186.578 177.443 49903
257.228 33.9696
251.501 37.2103 209.158 196.362 13611.1
245.796 40.8556
246.813 40.8513 46.7979 39.8255 18332.9
247.48 40.8903 61.8345 53.4695 27620.6
248.563 40.8869 86.9155 77.3493 36675
249.167 40.9425 102.262 91.0445 41780.5
250.327 40.9763 130.742 117.004 42607.2
250.823 40.8936 144.21 128.158 40071.8
251.737 40.8338 169.788 149.091 58416.2
252.48 40.76 189.765 166.325 55719.9
253.546 40.8023 214.813 189.88 49046.2
254.056 40.8947
255.118 40.8271
255.913 40.8132
265.339 31.7598
245.401 34.8249
245.381 34.7676 208.924 196.631 43530.8
279.822 33.1067
245.255 40.2679
246.019 40.1314
247.531 40.2807
248.498 40.2067 91.7188 81.1965 15921.8
249.262 40.1948 110.248 97.8608 26105.2
249.992 40.2655 127.943 113.31 34382
250.876 40.2982 149.821 132.558 34827.5
251.758 40.1348 173.462 153.446 41427.2
252.53 40.2149 192.44 170.16 41449.9
253.453 40.1618
254.082 40.2109
254.927 40.1227
255.88 40.1129
257.967 40.9451
270.591 34.5118
245.984 39.455 62.7694 65.4631 39946.3
246.931 39.5906 71.6532 72.9079 25548.8
247.721 39.5708 84.6089 86.579 14476.3
248.34 39.6092
249.26 39.473
249.754 39.6279 126.056 114.653 14850.7
251.019 39.6333 159.989 141.253 20939.3
251.609 39.4998 176.634 155.191 23564.1
252.551 39.524 199.203 176.411 34184.5
253.241 39.5952
254.161 39.3741
255.092 39.5144
255.832 39.5125
286.092 41.0056
245.858 34.3034 224.331 210.183 50643.8
290.708 45.2644
245.17 39.04 73.3842 74.3292 38048
245.98 38.9551 78.085 79.3514 41532.5
246.723 38.9882 83.4369 84.7549 33520.9
247.621 38.9995 93.6306 96.4299 21447
248.828 38.9176 121.066 117.661 12666.1
249.867 39.1025
250.737 38.9553
251.704 38.9541 178.108 161.771 10583.3
252.426 38.8347 198.944 179.086 12476.1
253.09 38.8627 218.647 194.912 17402.9
254.166 38.9045
254.851 38.9641
255.753 38.9145
245.392 38.3281 95.7109 95.1951 42948.3
246.031 38.1802 102.114 101.447 48965.3
246.979 38.2987 106.458 105.695 43171.4
247.723 38.2108 118.353 116.916 40130.6
248.517 38.2843 129.155 126.832 24996
249.289 38.4187 138.835 135.57 15902.2
250.106 38.3862 159.94 150.125 10841.1
250.739 38.2916 174.109 162.673 7833.66
251.621 38.1888
252.45 38.3685 199.746 184.401 8260.35
253.244 38.2289 219.607 203.008 8070.89
254.893 38.2315
255.717 38.1474
250.733 45.1221 185.799 168.188 36829.6
255.964 44.1212 281.102 249.192 60217.6
245.151 37.6083 117.47 115.564 41300.1
246.14 37.5808 122.4 119.147 54003.5
246.832 37.7601 120.459 118.776 47844.6
247.637 37.6761 132.484 129.676 47917.8
248.404 37.7222 141.657 138.32 36150
249.198 37.6354 156.334 151.122 30093.8
250.005 37.6903 168.837 162.14 19864
250.863 37.7459 184.874 175.016 13704.7
251.639 37.83
252.208 37.662
253.171 37.7461
253.998 37.7059
254.787 37.6407
255.565 37.6606
254.945 34.5715
255.734 34.5145
254.312 34.1838
254.53 34.1567
254.999 34.1517
255.333 34.1937
255.704 34.2323
256.088 34.2148
256.473 34.2135
254.23 33.9682
254.975 33.8308
255.696 33.8903
256.455 33.893
257.159 33.8774
254.406 33.6042
254.835 33.5975
255.672 33.5995
256.452 33.5806
256.882 33.5044
257.179 33.5385
257.508 33.5662
254.329 33.3102
255.659 33.259
256.402 33.1939
257.166 33.2334
254.184 32.9513
254.485 32.9369
254.82 33.0053
255.381 32.937
255.66 32.9288
256.155 33.0286
256.46 32.9317
256.794 32.9833
257.139 32.8728
257.463 32.9426
254.053 32.7572
254.845 32.6337
255.639 32.654
256.374 32.629
257.095 32.6899
253.936 32.443
254.828 32.3673
255.173 32.488
255.681 32.3766
255.96 32.2837
256.327 32.1712
256.601 32.3554
257.149 32.3691
257.452 32.2888
254.852 31.9694
255.512 32.0937
256.309 31.9895
257.063 32.0119
255.154 31.8029
255.574 31.6996
255.982 31.727
256.264 31.6679
256.605 31.7051
257.23 31.8027
257.412 31.6905
256.263 31.3663
256.365 31.1096
257.013 30.9611
257.323 31.0024
254.048 31.8742
266.785 41.9069
254.499 37.7456 255.6 236.804 6678.97
272.903 40.379
174.103 52.7308
267.196 45.2246
282.112 40.6358
245.285 36.7256 146.097 140.831 41233
246.093 37.0195 140.124 134.526 54021.9
246.916 37.0615 142.885 138.842 46363.3
247.618 37.0183 151.68 146.571 47236.6
248.494 36.9839 163.108 157.321 45523.4
249.196 36.9969 172.604 165.785 39103.9
250.126 37.1364 182.927 175.739 24527.9
250.975 36.8299 205.354 195.657 21571.6
252.466 36.9914
253.097 37.0138 252.729 226.576 8021.91
253.963 37.0361
254.948 37.0738
255.589 37.1388
249.215 32.3098
276.451 36.5439
245.461 36.4321 155.598 149.503 44743.1
246.035 36.4151 158.521 151.632 52155.7
246.82 36.4182 162.181 155.793 48488.8
247.708 36.428
248.87 36.1428 192.1 182.655 49262.3
249.338 36.5996 185.427 177.107 40740.2
250.13 36.4199 201.523 192.134 35128.3
250.792 36.2925 213.905 204.564 28283.5
251.48 36.3758 225.912 213.652 24702.6
252.342 36.4277
253.145 36.3773
253.808 36.3289
254.722 36.4093
255.592 36.3998
256.256 36.3945
245.149 35.7266 177.836 169.553 44591.5
246.016 35.8522 176.03 167.641 51216.4
246.895 35.6339 187.598 178.082 54146.8
247.827 35.8191 188.625 180.178 46769.4
249.206 35.6218 210.045 199.706 50012.4
250.067 35.7113 220.544 208.244 48601.2
250.954 35.7147 230.057 219.852 35444.9
251.534 35.7992 238.951 226.704 32048.3
252.362 35.8054 255.13 239.893 22788.2
253.091 35.9138
253.817 35.7452
254.728 35.7259
255.384 35.8383
256.214 35.7964
269.482 32.2185
245.13 35.301 192.275 181.662 46856.2
246.115 35.099 200.394 189.258 55342.6
246.917 35.2127 200.731 189.929 59873.1
247.733 35.1787 207.534 196.758 53410.3
248.468 35.0951 216.314 205.41 53282.6
249.287 35.0789 226.1 214.451 51917.8
250.264 35.1181 238.569 224.936 50119.5
250.612 35.1118 242.792 229.459 45974.4
251.5 35.1259 254.759 241.234 38364.7
252.352 35.117 268.981 254.395 30695.4
253.133 35.0719 285.831 268.307 30914.5
253.85 35.1605
254.592 35.2106
255.539 35.2177
256.234 35.0891
256.937 35.0637
273.706 38.2289
261.219 34.7379
248.626 35.5169 205.826 195.783 51171.7
272.17 36.1297
246.17 34.5935 215.847 203.279 55078.5
247.109 34.4692 224.85 211.541 61439.2
247.763 34.4866 229.93 215.935 56529.6
248.559 34.4178 237.823 202.309 53360
249.194 34.3371 246.219 232.77 57842.3
250.05 34.5293 251.299 236.878 53902.1
250.71 34.4275 262.695 247.244 51318.3
251.502 34.5421 270.021 254.939 45627.8
252.214 34.4457 284.046 267.389 41038.5
252.99 34.5058
253.812 34.581
254.565 34.5646
255.338 34.5271
256.19 34.5508
256.903 34.6469
245.476 33.7503 241.176 224.547 50030.6
246.171 33.8142 240.081 224.69 51403.1
246.995 33.9383 240.809 225.35 62302.9
247.667 33.9535 245.415 229.243 65128
248.522 33.8798 255.623 238.66 64209.6
249.156 33.6953 264.824 248.996 63694.7
249.966 33.7776
250.746 33.9571 275.981 259.539 56679.6
251.623 33.9085 290.082 272.151 57836.2
252.326 34.0087
253.035 33.937
253.079 34.0741
253.079 34.0739
253.945 33.9315
254.564 33.9257
255.307 33.9229
256.175 33.9232
256.837 33.8839
246.343 33.1999 260.525 242.133 57151.1
247.054 33.3627 258.672 241.033 65206.3
247.842 33.2893 266.723 248.189 64688.9
248.573 33.341 272.412 252.874 65370.9
249.528 33.2969 280.863 262.961 71016.6
249.964 33.0851 291.597 272.862 70178.5
250.734 33.2921
251.408 33.1132
252.329 33.3086
253.036 33.2555
253.768 33.2621
254.635 33.3298
255.283 33.2797
256.02 33.2716
256.785 33.315
