242.895 32.8889 275.759 255.385 30792.7
245.42 32.5356 277.975 257.842 49653
246.233 32.7683 273.647 253.79 54263.2
247.117 32.7513 277.93 257.887 66300.6
247.772 32.7006 283.869 263.185 72892.6
248.296 32.5618 292.449 270.688 69643.3
249.261 32.5716 301.559 279.282 72633
250.03 32.6399 306.074 285.121 74448.6
250.697 32.7663 310.73 288.893 76423.6
251.367 32.5466 326.08 302.422 77206.9
252.215 32.5324 337.37 313.507 71323
252.999 32.6995 345.182 319.67 63107.8
247.189 31.9559 303.327 279.67 71718.3
248.543 32.0022 311.254 287.366 71660.9
249.184 31.7748 324.765 299.276 75485.9
249.954 31.9737 325.577 301.338 81643.5
250.741 31.9989 333.851 308.944 76303
251.473 31.9041 346.077 319.699 77383.6
252.222 32.0094 352.755 326.244 82706.1
252.899 32.1046 359.492 332.964 73758.4
250.009 31.439 342.216 315.574 86939.2
250.719 31.3757 353.106 324.583 87216.7
251.472 31.3369 363.174 334.054 85234.2
237.915 48.9983 307.771 281.879 68393.8
238.52 49.0983 302.237 276.766 58114.9
239.616 49.048 283.791 263.429 61168.1
240.728 48.9534 271.682 251.306 64594.2
241.415 48.9752 266.878 247.403 62857.2
242.441 48.9813 259.301 242.017 59659.2
243.637 48.958 255.19 237.948 63854
244.347 48.9339 253.715 236.179 65311.6
245.587 48.933 253.885 236.703 60780.1
246.578 48.9725 257.503 240.595 52779.8
247.267 48.9777 260.007 242.883 40868.3
248.403 48.9482 261.996 246.462 25156.6
249.301 48.9448 268.776 251.537 22567.4
250.154 48.9198 274.957 257.051 16420.4
276.343 42.3012 753.658 690.08 192232
277.018 40.2319 785.405 717.313 224816
242.566 34.5505 226.868 212.133 24323.9
264.138 48.2977 490.017 435.686 77142.8
258.319 34.8837 415.801 367.752 9410.92
238.516 48.5183 287.76 263.94 57432.3
239.88 48.4607 265.727 246.514 56783.9
240.667 48.3584 255.43 236.736 60871.5
241.851 48.4226 247.577 230.165 61730.2
242.775 48.2995 237.774 222.198 56633
243.633 48.4366 238.418 223.312 57216.3
244.411 48.4694 239.561 223.003 66111.9
245.532 48.3739 235.463 220.555 56633.8
246.727 48.3609 238.013 223.265 39319.2
247.438 48.3129 238.825 224.895 31006.3
248.293 48.4128 245.211 231.315 23276.6
249.201 48.2921 248.929 233.966 18101.8
250.223 48.3943 260.052 244.277 10547.9
243.079 34.2623 233.046 217.087 32248.2
244.546 33.6552 245.694 227.888 51260.3
239.64 39.8666 146.006 130.515 45917.4
244.002 34.0006 236.128 220.082 41032.6
242.341 34.2388 238.561 222.352 23792
284.014 42.1993 930.289 846.51 371272
279.58 37.2113 872.264 797.463 294225
242.779 40.4314 66.3465 57.7797 37836.9
242.694 44.8525 135.265 131.459 47021.1
272.949 31.1687 816.734 733.013 208691
250.442 42.7667 142.281 127.136 52873.3
238.311 47.6947 271.29 248.492 56736.3
239.106 47.923 264.385 243.36 58019.7
239.939 47.6902 247.078 228.219 57756.6
240.955 47.7849 237.295 220.478 62684.6
241.726 47.8006 230.497 214.993 60952
242.692 47.8192 224.169 209.586 57546.7
244.525 47.7092 215.221 201.776 59225.3
245.426 47.6795 213.804 200.993 53508.9
246.253 47.7687 217.99 204.984 41103.1
247.393 47.775 221.307 209.518 30359.8
248.254 47.8012 227.304 214.623 20511.3
249.237 47.6327 232.363 216.774 12179.5
260.263 38.814 394.735 349.193 75482.5
282.627 38.2046 933.971 851.175 356525
268.755 38.0557 609.443 536.767 126965
241.585 33.4019 273.532 250.545 22627.6
239.613 38.0345 178.526 155.603 39763.5
282.11 35.2393 954.556 868.952 399691
212.138 64.8736 963.659 875.864 213114
236.695 44.5855 253.288 220.974 5738.67
241.92 36.4399 190.499 150.918 5887.36
237.197 47.1109 274.324 229.972 53007.5
238.011 47.1881 264.235 241.453 51358.9
239.156 47.1935 246.911 227.093 58074.1
240.027 47.1936 233.924 216.087 62050.2
241.079 47.0573 216.297 201.819 59048.3
241.691 47.0615 210.475 196.678 57411.2
242.724 47.0547 201.517 189.402 59171.2
243.665 47.0477 195.242 184.87 54041.7
245.541 47.0943 195.095 184.675 51479.7
246.494 47.0816 195.69 185.862 35465.4
247.48 47.0418 198.497 189.182 25288.8
248.451 47.0308 207.172 195.301 16387.7
249.313 47.1523 219.48 204.717 8518.61
250.198 47.1961 225.881 209.407 6955.53
244.619 34.6375 214.041 200.6 43063.1
241.666 34.2535 247.948 227.911 21659.1
243.899 32.6591 279.437 257.122 41471
236.437 46.5459 274.913 231.417 43528.6
239.021 46.5433 231.165 214.119 49107.2
240.145 46.5585 215.736 200.163 63169.2
240.94 46.4911 202.304 189.475 58592.3
241.854 46.5139 193.29 181.865 62115.7
242.89 46.485 182.979 173.846 54407.4
243.791 46.3559 172.846 165.297 54569.5
245.812 46.4423 174.416 144.378 44419.9
246.507 46.4162 173.034 167.253 32869.8
247.359 46.4246 178.04 171.49 23092.3
248.324 46.5336 189.677 180.679 15485.5
249.142 46.462 191.976 183.542 6602.4
250.086 46.5663 207.989 192 10995.1
242.006 34.8811 224.141 186.295 18728.3
218.842 64.7774 909.515 811.836 300106
250.245 48.024 257.965 233.836 4558.03
280.011 42.1175 837.36 831.48 262928
268.505 47.9462 567.177 531.583 2862.05
236.441 45.9306 263.191 221.714 30972
237.581 45.9325 242.53 223.905 30898.6
239.218 45.7664 209.671 172.877 41030.5
240.072 45.8951 197.847 185.85 52698.9
241.223 45.7971 179.556 169.878 58375.4
242.091 45.7087 161.577 159.402 13099.4
242.772 45.9734 167.123 160.181 52841.1
243.845 45.8883 157.688 152.255 52817.3
244.745 45.7565 152.012 146.914 53739.1
245.668 45.7893 152.366 147.789 40970.5
246.63 45.8122 153.512 150.817 27395
247.507 45.8409 160.54 156.264 17227.5
248.374 45.7843 168.599 160.327 7870.31
249.341 45.9054 180.795 168.504 11741
250.284 45.9046 193.505 178.568 18840.2
236.363 45.0404 259.522 232.682 11926.1
237.937 47.8634 282.137 257.293 62999.3
237.354 47.8872 292.676 244.777 60950.7
237.421 47.4009 278.802 233.115 55626.8
237.148 46.6619 264.907 244.141 42715.4
236.824 46.0753 258.317 217.32 29284.7
236.784 45.8811 254.926 214.94 28093.5
237.541 45.7151 239.959 198.92 29414.3
236.711 45.296 249.736 229.926 16550.9
236.927 44.8384 247.033 219.065 10958.4
237.553 43.7824 199.87 183.85 7916.09
236.651 43.6971 225.9 201.55 14076.3
236.193 43.5362 236.9 209.666 26068
235.94 42.9094 237.832 210.265 44919.1
236.879 43.4344 218.44 193.841 19999.9
236.628 42.7859 217.67 194.03 29464.7
235.934 42.5575 238.239 211.13 47050.1
237.173 42.2556 201.893 179.267 36406.2
241.706 33.7126 264.72 241.492 25761.8
243.137 36.4672 164.163 156.51 20774.7
237.522 45.2059 231.825 191.282 20313.2
238.683 45.2422 209.379 171.848 30486.3
239.365 45.2357 196.834 182.695 35937.1
240.331 45.2664 179.136 168.983 45662.7
241.04 45.2904 167.271 159.783 46524.9
242.22 45.2781 152.422 146.598 51294.7
242.88 45.2925 146.215 141.338 50125.5
243.732 45.3997 143.848 138.934 52349.2
244.674 45.1285 131.765 129.025 49600.6
245.767 45.0931 129.158 127.914 37718.6
246.54 45.2432 134.528 134.442 25281.7
247.511 45.166 139.76 138.29 10064.1
249.26 45.3212 165.498 153.102 14903.3
250.437 45.3171 185.004 168.47 27524.1
245.173 33.0515 262.643 243.584 46719.5
275.383 44.8245 720.882 662.295 219424
244.34 34.7846 209.883 196.911 40335.3
242.634 36.9961 153.321 125.898 8894.05
243.194 35.3018 199.804 187.519 27100.1
237.814 44.6837 218.226 179.202 13131.4
239.665 44.7344 180.27 147.274 28247
240.435 44.5913 162.215 153.932 33970.7
241.33 44.5191 145.373 139.537 40870.6
242.336 44.6653 134.793 130.52 46282.7
243.253 44.589 121.927 120.099 45865.7
243.987 44.7035 120.681 118.686 53108.5
245.145 44.5494 112.267 111.842 45160.9
245.745 44.5642 112.444 112.81 34712.2
246.633 44.6165 115.642 117.169 17976.3
247.356 44.6173 124.998 122.686 6972.49
248.752 44.7038 143.541 131.528 14165.3
249.424 44.3951 144.828 134.325 25552.9
240.467 46.3925 205.967 192.503 59614.1
270.706 40.5559 630.694 560.795 142732
243.665 34.8294 210.73 198.211 33910.1
245.586 43.5625 80.6062 82.7452 28477.6
237.043 42.6071 205.994 184.097 28489.9
239.789 43.9437 160.633 154.138 12158.2
240.496 44.082 151.322 121.821 26202.1
241.431 43.9104 129.152 103.412 30171.7
242.259 43.9733 117.682 115.292 38622.3
243.197 44.086 109.208 107.608 52692.9
244.042 43.9121 96.0601 96.0384 48699.9
244.867 43.7945 87.9921 89.4435 43831.4
245.883 43.9146 91.3997 94.2133 24236.8
246.548 43.9286 95.6255 98.3629 11509.4
247.515 43.9997 108.841 100.396 6176.95
248.513 43.8756 121.43 109.306 24778.5
249.424 43.92 136.636 124.69 32898.8
250.183 43.7013 148.229 134.033 41618.8
244.855 34.1574 228.842 213.372 46235.3
254.387 39.7997 241.202 214.901 42690.8
240.689 43.3736 136.921 107.252 8005.95
241.526 43.358 116.05 92.0559 19185
242.246 43.3471 102.629 79.9715 28555.2
243.233 43.4275 89.9457 90.4125 39682.1
244.172 43.4151 79.6894 81.5395 46067.7
244.902 43.25 71.4553 73.5478 41396.4
245.826 43.3979 76.4163 57.0191 21846.9
247.567 43.3998 95.2822 85.6236 17665.1
248.388 43.2741 105.549 94.7779 31854.2
249.288 43.3629 124.151 112.208 41289.7
249.98 43.2112 137.306 122.885 49475.8
260.198 30.4794 524.159 481.978 24145.1
269.752 42.9142 598.081 530.639 7.68185e+06
239.107 42.7258 160.275 141.584 24219.9
240.753 42.6912 118.9 106.979 7837.14
242.275 42.6996 88.8423 68.1615 9508.04
243.13 42.7779 75.1584 55.0122 25774.1
243.968 42.7713 62.9746 66.0052 41091.6
245.097 42.636 51.0262 55.4416 36673
246.824 42.5452 63.9708 55.8015 21442.8
247.469 42.6852 76.7583 68.683 27506.2
248.412 42.8321 96.7978 87.4513 37247.2
249.08 42.7507 110.163 99.2327 45521.4
249.958 42.6372 128.141 115.298 57755.8
251.153 42.8247 158.38 140.977 52437.1
251.658 42.6579 169.641 150.277 54058
262.107 27.5459 678.165 588.78 178353
240.66 42.0187 116.109 102.672 30129.8
241.656 42.1901 92.4072 82.4782 17323.5
242.333 42.0192 76.8881 67.3382 14997.7
243.529 42.0773 55.9543 35.2086 8139.9
244.246 42.1669 42.5739 47.9906 32954.3
244.984 42.146 36.9711 18.8276 32920.2
246.76 42.0343 52.728 44.7974 28387.2
247.614 42.0041 68.5294 60.6066 41233.2
248.568 42.0149 89.7368 80.1103 47773.1
249.127 42.0995 103.795 93.105 50136.1
249.964 41.9243 123.069 109.504 58769.1
250.643 42.1012 142.877 125.322 68014.8
251.66 42.0073 167.982 146.585 62727.9
252.63 41.9641 193.002 168.302 54299.1
253.566 42.031 214.844 189.024 56338.2
253.777 46.6885 270.137 242.865 41775.7
288.074 44.2401 1001.93 912.372 419484
240.934 34.1082 266.906 239.77 16915.9
285.417 44.6197 942.305 858.645 327918
240.829 41.3884 108.185 95.9657 39786.6
241.621 41.4483 89.6688 79.0434 37437.2
242.55 41.423 66.8111 58.7038 33917
243.46 41.522 45.7833 40.59 20914.4
245.085 41.4157 59.5111 34.5751 10291.3
246.653 41.503 42.055 36.1436 39529.9
247.552 41.4632 62.7307 54.7313 41903.3
248.37 41.3146 81.239 72.5592 38643.7
249.334 41.4729 105.979 94.279 53833.1
249.933 41.4272 121.06 107.23 52640.1
250.843 41.5047 143.336 127.375 46040
251.814 41.4906 169.31 149.599 56581.9
252.637 41.6067 191.43 167.864 52143.9
253.404 41.4033 208.637 184.85 43948.4
236.17 44.0035 241.547 214.62 13958.8
237.12 38.1448 230.864 201.128 46985.2
280.154 39.6581 862.822 786.8 345277
236.597 41.7752 214.367 190.728 42772.6
237.663 41.6898 187.803 166.423 47028.4
236.119 41.702 228.152 201.003 59084.5
236.486 41.355 216.196 192.618 52343
237.948 41.526 180.229 160.579 50187.2
238.305 41.342 171.558 152.282 48503.6
236.695 40.222 216.542 191.634 76398
237.274 41.086 194.938 175.031 41377.5
237.538 40.9591 189.462 169.461 43765.4
238.63 41.056 163.566 145.151 53278.4
237.502 40.104 196.632 172.515 65454.7
237.082 40.764 200.645 179.827 44705
238.104 41.006 175.937 157.166 48459.4
238.316 40.81 170.641 152.649 52231.1
237.913 40.577 182.438 162.111 51370.7
238.978 40.729 154.772 138.278 52511.6
238.198 40.295 177.119 157.305 55311.9
237.901 40.157 202.834 165.344 5267.48
236.845 40.453 209.191 186.761 54864.1
236.859 41.142 205.206 184.235 41297.2
236.435 40.843 218.828 194.375 58475.9
236.053 40.722 230.927 203.958 77057.8
236.141 40.5907 230.101 202.692 84163.6
236.198 40.483 229.925 202.025 86798
235.873 40.483 240.545 209.393 90280.9
236.252 40.483 229.491 201.364 88337.7
235.836 40.2482 243.3 211.381 81055.3
236.346 40.285 226.864 199.807 91130.9
236.497 40.101 224.25 197.642 92170
236.406 40.1882 226.01 198.94 92022.4
236.727 39.7145 222.921 195.234 84471.8
236.825 39.5703 221.274 193.845 82231.1
236.813 39.4928 222.166 194.582 74984.7
237.04 39.4666 215.743 189.796 69703.5
237.032 39.196 219.696 192.358 66294
237.189 39.1124 216.594 189.662 69464.8
237.24 38.9063 217.245 190.176 61975.7
236.281 39.8633 235.176 204.047 93247.1
236.525 39.622 229.096 200.048 83946.7
236.622 39.0132 233.957 202.752 64234.4
236.924 38.6639 230.633 199.715 58168.5
237.704 39.532 195.107 173.274 68524.3
237.478 39.3154 204.704 180.786 68561.6
237.845 39.2751 193.535 172.386 68711.4
237.858 39.0049 199.485 175.562 79363.1
239.398 40.3453 146.668 130.383 45912.5
238.828 40.1096 161.721 144.578 47530.3
238.473 39.719 173.292 154.654 50627.7
239.603 40.1808 142.988 127.422 46278.7
239.812 40.025 138.24 123.866 45820.8
239.359 40.0112 148.842 133.519 46066.1
239.286 39.8043 152.524 137.1 42577.7
238.837 39.3837 167.306 150.704 41138.3
239.775 39.6502 144.357 128.353 47973
239.959 39.4725 142.602 127.093 49439.6
239.845 39.0516 151.953 134.968 41264.5
266.423 34.5454 598.172 528.412 84614.4
241.164 37.6302 161.451 139.132 27008.5
254.618 31.6985 1727.08 1435.11 1.4749
243.578 32.892 274.703 252.989 38601.1
242.511 36.058 183.212 151.43 16913.3
246.059 46.8292 186.578 177.443 49903
242.805 33.6 255.422 236.321 29850.6
251.501 37.2103 209.158 196.362 13611.1
240.165 40.7484 125.843 111.331 47181.1
241.029 40.7797 104.205 92.2337 43845.6
241.866 40.7811 85.1306 74.2515 43479.2
242.476 40.852 70.5367 60.8526 42070.8
243.492 40.7186 46.1834 40.4938 37963
246.813 40.8513 46.7979 39.8255 18332.9
247.48 40.8903 61.8345 53.4695 27620.6
248.563 40.8869 86.9155 77.3493 36675
249.167 40.9425 102.262 91.0445 41780.5
250.327 40.9763 130.742 117.004 42607.2
250.823 40.8936 144.21 128.158 40071.8
251.737 40.8338 169.788 149.091 58416.2
252.48 40.76 189.765 166.325 55719.9
253.546 40.8023 214.813 189.88 49046.2
265.339 31.7598 636.021 556.465 34313.8
245.381 34.7676 208.924 196.631 43530.8
242.877 48.2642 236.135 220.658 1058.45
279.822 33.1067 925.788 842.72 296613
236.131 47.3917 300.572 252.233 62298.6
240.173 40.165 128.841 114.673 48026.6
241.123 40.1614 105.526 94.1457 44234.7
241.845 40.2903 88.2504 78.1988 41952.2
243.5 40.2917 52.742 45.5512 31395.9
248.498 40.2067 91.7188 81.1965 15921.8
249.262 40.1948 110.248 97.8608 26105.2
249.992 40.2655 127.943 113.31 34382
250.876 40.2982 149.821 132.558 34827.5
251.758 40.1348 173.462 153.446 41427.2
252.53 40.2149 192.44 170.16 41449.9
257.967 40.9451 325.438 287.087 70240.9
241.276 34.6145 239.794 222.927 13669.5
270.591 34.5118 689.481 633.213 119346
240.102 39.6785 135.437 121.057 47124
241.111 39.5399 116.01 102.354 43699.1
241.92 39.6946 96.2898 84.4158 41898.4
242.861 39.5516 81.4277 70.2591 25462.7
243.536 39.6202 69.2458 58.3462 14842.5
245.092 39.4731 59.9652 62.0224 35514.2
245.984 39.455 62.7694 65.4631 39946.3
246.931 39.5906 71.6532 72.9079 25548.8
247.721 39.5708 84.6089 86.579 14476.3
249.754 39.6279 126.056 114.653 14850.7
251.019 39.6333 159.989 141.253 20939.3
251.609 39.4998 176.634 155.191 23564.1
252.551 39.524 199.203 176.411 34184.5
286.092 41.0056 985.58 897.702 383609
241.815 34.1714 248.027 228.809 22164.3
245.858 34.3034 224.331 210.183 50643.8
243.541 33.6117 252.739 232.037 226551
290.708 45.2644 1055.13 956.842 544587
241.192 38.9383 127.357 110.885 37953.9
242.068 38.8606 112.197 97.2991 26797.7
242.818 38.834 105.06 86.6975 15574.8
243.6 38.8247 88.4729 70.1488 5963.62
244.346 38.8455 81.5699 82.5458 21618.8
245.17 39.04 73.3842 74.3292 38048
245.98 38.9551 78.085 79.3514 41532.5
246.723 38.9882 83.4369 84.7549 33520.9
247.621 38.9995 93.6306 96.4299 21447
248.828 38.9176 121.066 117.661 12666.1
251.704 38.9541 178.108 161.771 10583.3
252.426 38.8347 198.944 179.086 12476.1
253.09 38.8627 218.647 194.912 17402.9
240.549 38.5226 148.432 130.268 39809.8
241.894 38.3489 127.337 111.36 22869.9
243.698 38.2886 103.802 81.251 13939.2
244.415 38.3489 95.535 95.9252 25571.6
245.392 38.3281 95.7109 95.1951 42948.3
246.031 38.1802 102.114 101.447 48965.3
246.979 38.2987 106.458 105.695 43171.4
247.723 38.2108 118.353 116.916 40130.6
248.517 38.2843 129.155 126.832 24996
249.289 38.4187 138.835 135.57 15902.2
250.106 38.3862 159.94 150.125 10841.1
250.739 38.2916 174.109 162.673 7833.66
252.45 38.3685 199.746 184.401 8260.35
253.244 38.2289 219.607 203.008 8070.89
240.756 36.3052 199.715 174.11 11284.6
250.733 45.1221 185.799 168.188 36829.6
243.003 34.8753 213.033 200.447 26948
255.964 44.1212 281.102 249.192 60217.6
243.405 37.923 118.743 115.576 12803.4
244.253 37.6444 119.047 116.395 29359
245.151 37.6083 117.47 115.564 41300.1
246.14 37.5808 122.4 119.147 54003.5
246.832 37.7601 120.459 118.776 47844.6
247.637 37.6761 132.484 129.676 47917.8
248.404 37.7222 141.657 138.32 36150
249.198 37.6354 156.334 151.122 30093.8
250.005 37.6903 168.837 162.14 19864
250.863 37.7459 184.874 175.016 13704.7
238.553 36.764 228.44 199.193 43342.7
241.453 32.9799 286.893 262.175 21598.5
266.785 41.9069 530.971 472.388 103907
240.365 33.9954 281.086 251.052 10692.5
254.499 37.7456 255.6 236.804 6678.97
243.725 35.8996 177.693 168.178 29512.4
240.004 35.3142 242.468 209.275 15161.3
240.476 33.2479 289.687 265.089 14484.7
282.112 40.6358 894.181 831.284 13888.7
244.2 32.9451 269.336 248.264 44546.2
244.78 37.2408 129.809 126.388 37743
245.285 36.7256 146.097 140.831 41233
246.093 37.0195 140.124 134.526 54021.9
246.916 37.0615 142.885 138.842 46363.3
247.618 37.0183 151.68 146.571 47236.6
248.494 36.9839 163.108 157.321 45523.4
249.196 36.9969 172.604 165.785 39103.9
250.126 37.1364 182.927 175.739 24527.9
250.975 36.8299 205.354 195.657 21571.6
253.097 37.0138 252.729 226.576 8021.91
241.77 37.0542 165.21 143.123 6837.72
236 44.6764 279.19 235.042 7460
249.215 32.3098 308.332 285.263 73785.3
244.076 35.4358 190.268 179.574 35198.3
243.67 36.4193 159.746 153.943 27537
244.617 36.423 156.146 149.821 36446.2
245.461 36.4321 155.598 149.503 44743.1
246.035 36.4151 158.521 151.632 52155.7
246.82 36.4182 162.181 155.793 48488.8
248.87 36.1428 192.1 182.655 49262.3
249.338 36.5996 185.427 177.107 40740.2
250.13 36.4199 201.523 192.134 35128.3
250.792 36.2925 213.905 204.564 28283.5
251.48 36.3758 225.912 213.652 24702.6
244.57 35.8384 175.535 166.784 38556.2
245.149 35.7266 177.836 169.553 44591.5
246.016 35.8522 176.03 167.641 51216.4
246.895 35.6339 187.598 178.082 54146.8
247.827 35.8191 188.625 180.178 46769.4
249.206 35.6218 210.045 199.706 50012.4
250.067 35.7113 220.544 208.244 48601.2
250.954 35.7147 230.057 219.852 35444.9
251.534 35.7992 238.951 226.704 32048.3
252.362 35.8054 255.13 239.893 22788.2
269.482 32.2185 714.308 624.998 132277
243.86 44.932 128.951 125.785 52648.4
243.601 44.991 131.77 128.473 50445.2
243.336 45.045 135.594 131.597 47820.7
242.966 45.164 141.635 137.421 49667.1
242.641 45.427 152.23 146.693 50890.8
242.193 45.504 158.478 152.396 50923.7
242.319 45.64 160.373 154.812 50597
242.452 45.805 164.063 158.236 51111
245.13 35.301 192.275 181.662 46856.2
242.536 45.953 168.62 161.727 53260.1
246.115 35.099 200.394 189.258 55342.6
246.917 35.2127 200.731 189.929 59873.1
242.501 46.269 179.568 170.489 60866.9
247.733 35.1787 207.534 196.758 53410.3
248.468 35.0951 216.314 205.41 53282.6
242.356 46.512 187.991 177.842 61345.6
249.287 35.0789 226.1 214.451 51917.8
242.281 46.62 192.017 181.163 60045.4
250.264 35.1181 238.569 224.936 50119.5
250.612 35.1118 242.792 229.459 45974.4
242.494 44.8448 137.133 111.264 46857.5
251.5 35.1259 254.759 241.234 38364.7
242.076 44.538 134.977 108.709 43315.8
252.352 35.117 268.981 254.395 30695.4
253.133 35.0719 285.831 268.307 30914.5
273.706 38.2289 723.535 661.932 182796
240.241 39.3104 137.816 122.82 43773
237.459 40.5799 191.856 172.12 45648.4
261.219 34.7379 502.712 445.674 9603.98
227.653 56.4191 609.087 575.775 3.38003e+06
248.626 35.5169 205.826 195.783 51171.7
241.363 42.4339 101.108 91.3071 11339.8
272.17 36.1297 708.614 626.851 146240
246.17 34.5935 215.847 203.279 55078.5
247.109 34.4692 224.85 211.541 61439.2
247.763 34.4866 229.93 215.935 56529.6
248.559 34.4178 237.823 202.309 53360
249.194 34.3371 246.219 232.77 57842.3
250.05 34.5293 251.299 236.878 53902.1
250.71 34.4275 262.695 247.244 51318.3
251.502 34.5421 270.021 254.939 45627.8
252.214 34.4457 284.046 267.389 41038.5
252.99 34.5058 295.803 278.124 39052.9
245.476 33.7503 241.176 224.547 50030.6
246.171 33.8142 240.081 224.69 51403.1
246.995 33.9383 240.809 225.35 62302.9
247.667 33.9535 245.415 229.243 65128
248.522 33.8798 255.623 238.66 64209.6
249.156 33.6953 264.824 248.996 63694.7
250.746 33.9571 275.981 259.539 56679.6
251.623 33.9085 290.082 272.151 57836.2
252.326 34.0087 297.84 279.643 50839.3
253.079 34.0739 308.026 288.986 40595.4
246.343 33.1999 260.525 242.133 57151.1
247.054 33.3627 258.672 241.033 65206.3
247.842 33.2893 266.723 248.189 64688.9
248.573 33.341 272.412 252.874 65370.9
249.528 33.2969 280.863 262.961 71016.6
249.964 33.0851 291.597 272.862 70178.5
250.734 33.2921 296.093 276.255 68934.4
251.408 33.1132 309.547 288.876 71067.2
