244.867 43.7945 87.9921 89.4435 43831.4
248.324 46.5336 189.677 180.679 15485.5
250.183 43.7013 148.229 134.033 41618.8
249.334 41.4729 105.979 94.279 53833.1
251.019 39.6333 159.989 141.253 20939.3
253.244 38.2289 219.607 203.008 8070.89
248.626 35.5169 205.826 195.783 51171.7
245.285 36.7256 146.097 140.831 41233
243.665 34.8294 210.73 198.211 33910.1
240.241 39.3104 137.816 122.82 43773
236.727 39.7145 222.921 195.234 84471.8
236.628 42.7859 217.67 194.03 29464.7
240.331 45.2664 179.136 168.983 45662.7
242.536 45.953 168.62 161.727 53260.1
