239.64 39.8666 146.006 130.515 45917.4
242.779 40.4314 66.3465 57.7797 37836.9
242.694 44.8525 135.265 131.459 47021.1
250.442 42.7667 142.281 127.136 52873.3
242.88 45.2925 146.215 141.338 50125.5
243.732 45.3997 143.848 138.934 52349.2
244.674 45.1285 131.765 129.025 49600.6
245.767 45.0931 129.158 127.914 37718.6
246.54 45.2432 134.528 134.442 25281.7
247.511 45.166 139.76 138.29 10064.1
241.33 44.5191 145.373 139.537 40870.6
242.336 44.6653 134.793 130.52 46282.7
243.253 44.589 121.927 120.099 45865.7
243.987 44.7035 120.681 118.686 53108.5
245.145 44.5494 112.267 111.842 45160.9
245.745 44.5642 112.444 112.81 34712.2
246.633 44.6165 115.642 117.169 17976.3
247.356 44.6173 124.998 122.686 6972.49
248.752 44.7038 143.541 131.528 14165.3
245.586 43.5625 80.6062 82.7452 28477.6
240.496 44.082 151.322 121.821 26202.1
241.431 43.9104 129.152 103.412 30171.7
242.259 43.9733 117.682 115.292 38622.3
243.197 44.086 109.208 107.608 52692.9
244.042 43.9121 96.0601 96.0384 48699.9
244.867 43.7945 87.9921 89.4435 43831.4
245.883 43.9146 91.3997 94.2133 24236.8
246.548 43.9286 95.6255 98.3629 11509.4
247.515 43.9997 108.841 100.396 6176.95
248.513 43.8756 121.43 109.306 24778.5
249.424 43.92 136.636 124.69 32898.8
240.689 43.3736 136.921 107.252 8005.95
241.526 43.358 116.05 92.0559 19185
242.246 43.3471 102.629 79.9715 28555.2
243.233 43.4275 89.9457 90.4125 39682.1
244.172 43.4151 79.6894 81.5395 46067.7
244.902 43.25 71.4553 73.5478 41396.4
245.826 43.3979 76.4163 57.0191 21846.9
247.567 43.3998 95.2822 85.6236 17665.1
248.388 43.2741 105.549 94.7779 31854.2
249.288 43.3629 124.151 112.208 41289.7
249.98 43.2112 137.306 122.885 49475.8
240.753 42.6912 118.9 106.979 7837.14
242.275 42.6996 88.8423 68.1615 9508.04
243.13 42.7779 75.1584 55.0122 25774.1
243.968 42.7713 62.9746 66.0052 41091.6
245.097 42.636 51.0262 55.4416 36673
246.824 42.5452 63.9708 55.8015 21442.8
247.469 42.6852 76.7583 68.683 27506.2
248.412 42.8321 96.7978 87.4513 37247.2
249.08 42.7507 110.163 99.2327 45521.4
249.958 42.6372 128.141 115.298 57755.8
240.66 42.0187 116.109 102.672 30129.8
241.656 42.1901 92.4072 82.4782 17323.5
242.333 42.0192 76.8881 67.3382 14997.7
243.529 42.0773 55.9543 35.2086 8139.9
244.246 42.1669 42.5739 47.9906 32954.3
244.984 42.146 36.9711 18.8276 32920.2
246.76 42.0343 52.728 44.7974 28387.2
247.614 42.0041 68.5294 60.6066 41233.2
248.568 42.0149 89.7368 80.1103 47773.1
249.127 42.0995 103.795 93.105 50136.1
249.964 41.9243 123.069 109.504 58769.1
250.643 42.1012 142.877 125.322 68014.8
240.829 41.3884 108.185 95.9657 39786.6
241.621 41.4483 89.6688 79.0434 37437.2
242.55 41.423 66.8111 58.7038 33917
243.46 41.522 45.7833 40.59 20914.4
245.085 41.4157 59.5111 34.5751 10291.3
246.653 41.503 42.055 36.1436 39529.9
247.552 41.4632 62.7307 54.7313 41903.3
248.37 41.3146 81.239 72.5592 38643.7
249.334 41.4729 105.979 94.279 53833.1
249.933 41.4272 121.06 107.23 52640.1
250.843 41.5047 143.336 127.375 46040
239.398 40.3453 146.668 130.383 45912.5
239.603 40.1808 142.988 127.422 46278.7
239.812 40.025 138.24 123.866 45820.8
239.775 39.6502 144.357 128.353 47973
239.959 39.4725 142.602 127.093 49439.6
240.165 40.7484 125.843 111.331 47181.1
241.029 40.7797 104.205 92.2337 43845.6
241.866 40.7811 85.1306 74.2515 43479.2
242.476 40.852 70.5367 60.8526 42070.8
243.492 40.7186 46.1834 40.4938 37963
246.813 40.8513 46.7979 39.8255 18332.9
247.48 40.8903 61.8345 53.4695 27620.6
248.563 40.8869 86.9155 77.3493 36675
249.167 40.9425 102.262 91.0445 41780.5
250.327 40.9763 130.742 117.004 42607.2
250.823 40.8936 144.21 128.158 40071.8
240.173 40.165 128.841 114.673 48026.6
241.123 40.1614 105.526 94.1457 44234.7
241.845 40.2903 88.2504 78.1988 41952.2
243.5 40.2917 52.742 45.5512 31395.9
248.498 40.2067 91.7188 81.1965 15921.8
249.262 40.1948 110.248 97.8608 26105.2
249.992 40.2655 127.943 113.31 34382
250.876 40.2982 149.821 132.558 34827.5
240.102 39.6785 135.437 121.057 47124
241.111 39.5399 116.01 102.354 43699.1
241.92 39.6946 96.2898 84.4158 41898.4
242.861 39.5516 81.4277 70.2591 25462.7
243.536 39.6202 69.2458 58.3462 14842.5
245.092 39.4731 59.9652 62.0224 35514.2
245.984 39.455 62.7694 65.4631 39946.3
246.931 39.5906 71.6532 72.9079 25548.8
247.721 39.5708 84.6089 86.579 14476.3
249.754 39.6279 126.056 114.653 14850.7
241.192 38.9383 127.357 110.885 37953.9
242.068 38.8606 112.197 97.2991 26797.7
242.818 38.834 105.06 86.6975 15574.8
243.6 38.8247 88.4729 70.1488 5963.62
244.346 38.8455 81.5699 82.5458 21618.8
245.17 39.04 73.3842 74.3292 38048
245.98 38.9551 78.085 79.3514 41532.5
246.723 38.9882 83.4369 84.7549 33520.9
247.621 38.9995 93.6306 96.4299 21447
248.828 38.9176 121.066 117.661 12666.1
240.549 38.5226 148.432 130.268 39809.8
241.894 38.3489 127.337 111.36 22869.9
243.698 38.2886 103.802 81.251 13939.2
244.415 38.3489 95.535 95.9252 25571.6
245.392 38.3281 95.7109 95.1951 42948.3
246.031 38.1802 102.114 101.447 48965.3
246.979 38.2987 106.458 105.695 43171.4
247.723 38.2108 118.353 116.916 40130.6
248.517 38.2843 129.155 126.832 24996
249.289 38.4187 138.835 135.57 15902.2
243.405 37.923 118.743 115.576 12803.4
244.253 37.6444 119.047 116.395 29359
245.151 37.6083 117.47 115.564 41300.1
246.14 37.5808 122.4 119.147 54003.5
246.832 37.7601 120.459 118.776 47844.6
247.637 37.6761 132.484 129.676 47917.8
248.404 37.7222 141.657 138.32 36150
244.78 37.2408 129.809 126.388 37743
245.285 36.7256 146.097 140.831 41233
246.093 37.0195 140.124 134.526 54021.9
246.916 37.0615 142.885 138.842 46363.3
243.86 44.932 128.951 125.785 52648.4
243.601 44.991 131.77 128.473 50445.2
243.336 45.045 135.594 131.597 47820.7
242.966 45.164 141.635 137.421 49667.1
242.494 44.8448 137.133 111.264 46857.5
242.076 44.538 134.977 108.709 43315.8
240.241 39.3104 137.816 122.82 43773
241.363 42.4339 101.108 91.3071 11339.8
