242.895 32.8889 245.295 249.344 6503.96
245.42 32.5356 246.197 253.188 9836.79
246.233 32.7683 241.626 249.103 10687.5
247.117 32.7513 247.429 252.591 12309.8
247.772 32.7006 252.814 257.253 13474.7
248.296 32.5618 260.372 264.227 13058
249.261 32.5716 269.623 271.739 14003.3
250.03 32.6399 275.478 276.766 14604.7
250.697 32.7663 281.045 280.418 14363.8
251.367 32.5466 296.548 292.724 14125.3
252.215 32.5324 308.267 302.401 13433.2
252.999 32.6995 314.171 307.911 11487.2
247.189 31.9559 268.233 272.879 12134.2
248.543 32.0022 276.76 279.809 13218.2
249.184 31.7748 288.689 290.482 14087.9
249.954 31.9737 290.598 292.093 15470.2
250.741 31.9989 299.499 298.964 15152.4
251.473 31.9041 312.048 309.032 14658.9
252.222 32.0094 319.744 314.447 14407.5
252.899 32.1046 325.342 320.182 13122.2
250.009 31.439 303.827 305.431 15773.1
250.719 31.3757 313.748 313.352 15962
251.472 31.3369 325.018 321.878 15925.8
237.915 48.9983 271.612 273.301 13085.2
238.52 49.0983 265.038 269 12990.6
239.616 49.048 250.882 257.148 12353.2
240.728 48.9534 239.067 245.333 12235.3
241.415 48.9752 235.955 241.665 12388
242.441 48.9813 233.639 236.251 13436.5
243.637 48.958 229.348 231.743 13522.4
244.347 48.9339 227.799 230.29 13514.4
245.587 48.933 228.72 230.72 12918.5
246.578 48.9725 233.382 233.792 11631.4
247.267 48.9777 236.623 236.004 9849.87
248.403 48.9482 240.407 239.907 7129.22
249.301 48.9448 245.914 244.713 5368.41
250.154 48.9198 254.094 249.573 3997.05
276.343 42.3012 694.957 655.004 21166.3
277.018 40.2319 724.69 679.577 21455.7
242.566 34.5505 204.481 208.291 5229.7
264.138 48.2977 448.392 402.25 14111.4
236.405 44.4104 221.632 200.56 2927.78
258.319 34.8837 434.736 327.309 2222.26
238.516 48.5183 252.132 256.929 12112.5
239.88 48.4607 234.843 241.318 11929.3
240.667 48.3584 224.468 231.481 11778.3
241.851 48.4226 219.412 225.15 12842.7
242.775 48.2995 213.722 217.718 13044.2
243.633 48.4366 215.175 218.337 13733.2
244.411 48.4694 214.447 218.04 13786
245.532 48.3739 212.35 215.731 12474.2
246.727 48.3609 216.475 218.111 10413.4
247.438 48.3129 218.91 219.592 8800.05
248.293 48.4128 226.251 225.946 6781.62
249.201 48.2921 228.542 228.377 4744.18
250.223 48.3943 239.808 237.438 2880.36
243.079 34.2623 209.978 212.473 7039.64
244.546 33.6552 216.667 223.724 9397.09
239.64 39.8666 135.239 122.283 12635.5
244.002 34.0006 209.098 215.657 8440.74
242.341 34.2388 214.019 217.659 4981.25
284.014 42.1993 857.369 799.173 25153.7
279.58 37.2113 809.292 754.355 21766.6
242.779 40.4314 65.2927 52.237 11076.5
242.694 44.8525 121.104 132.472 11511.3
272.949 31.1687 728.546 692.064 10686.7
250.442 42.7667 131.231 118.072 14103.7
238.311 47.6947 236.316 242.226 10729.9
239.106 47.923 231.943 237.527 11391.6
239.939 47.6902 215.014 223.332 11587.5
240.955 47.7849 209.442 215.439 12215.1
241.726 47.8006 204.709 210.347 13062.8
242.692 47.8192 200.309 205.761 13109.9
244.525 47.7092 194.014 198.033 13457.4
245.426 47.6795 193.254 197.395 12357.7
246.253 47.7687 196.82 201.103 10485.8
247.393 47.775 201.945 205.701 8618
248.254 47.8012 209.756 210.57 6145.81
249.237 47.6327 212.276 212.376 3370.79
260.263 38.814 357.751 322.614 11853.8
282.627 38.2046 864.511 804.372 35207.1
268.755 38.0557 560.232 492.976 14907.5
241.585 33.4019 241.008 244.402 4075.6
239.613 38.0345 158.414 144.759 9694.28
212.138 64.8736 882.243 828.947 28189.8
237.197 47.1109 242.546 205.407 9318.95
238.011 47.1881 229.368 236.601 9595.64
239.156 47.1935 214.085 222.158 10436.6
240.027 47.1936 203.168 211.701 11480.7
241.079 47.0573 191.557 198.391 12698.3
241.691 47.0615 187.554 193.547 12987
242.724 47.0547 180.591 186.676 13501.8
243.665 47.0477 177.185 182.678 13193.8
245.541 47.0943 177.063 181.807 11986.7
246.494 47.0816 177.972 183.511 9445.82
247.48 47.0418 183.044 187.379 7223.31
248.451 47.0308 190.552 192.919 4499.91
249.313 47.1523 201.776 199.984 2331
250.198 47.1961 215.961 201.77 1581.05
244.619 34.6375 187.997 197.985 10032.5
255.804 48.4702 312.195 283.977 146374
236.437 46.5459 242.669 205.485 7180.15
239.021 46.5433 203.285 211.052 9970.3
240.145 46.5585 187.34 196.815 11605.6
240.94 46.4911 177.676 187.301 11702.5
241.854 46.5139 171.415 179.788 13317.6
242.89 46.485 166.53 172.184 14156.9
243.791 46.3559 157.41 164.495 13541.7
245.812 46.4423 160.691 124.598 11078.8
246.507 46.4162 160.488 166.346 8995.55
247.359 46.4246 165.233 170.894 6445.07
248.324 46.5336 177.217 179.254 4037.82
249.142 46.462 182.087 180.375 1493
250.086 46.5663 200.923 182.63 2715.72
242.006 34.8811 201.199 163.98 3721.26
218.842 64.7774 807.198 765.416 21528.9
280.011 42.1175 896.241 827.262 22183.1
268.505 47.9462 541.339 508.4 1029.63
236.441 45.9306 231.185 196.477 4457.95
237.581 45.9325 211.044 220.652 5561.27
239.218 45.7664 179.676 153.998 7192.17
240.072 45.8951 171.94 184.523 9794.47
241.223 45.7971 159.204 169.219 11684.6
242.091 45.7087 154.964 157.548 5323.08
242.772 45.9734 152.583 160.236 13524.9
243.845 45.8883 144.479 152.107 13713.4
244.745 45.7565 139.669 146.874 13161.2
245.668 45.7893 141.412 147.47 11233.8
246.63 45.8122 145.023 151.445 7440.84
247.507 45.8409 149.359 156.629 4684.49
248.374 45.7843 154.025 160.205 1611.12
249.341 45.9054 178.699 161.173 2496.25
250.284 45.9046 187.338 169.061 5295.16
236.363 45.0404 249.99 210.455 2032.43
237.937 47.8634 244.819 250.25 10715.3
237.354 47.8872 254.738 218.132 10054.9
237.421 47.4009 243.884 207.514 9376.03
237.148 46.6619 234.317 238.438 7855.53
236.824 46.0753 227.053 193.748 4830.3
236.784 45.8811 227.708 191.626 4519.55
237.541 45.7151 197.549 177.871 3495.39
236.927 44.8384 236.87 196.191 987.829
237.553 43.7824 188.852 172.243 4067.88
236.651 43.6971 206.947 188.464 6359.34
236.193 43.5362 218.356 195.284 8345.12
235.94 42.9094 218.817 194.758 11552.6
236.879 43.4344 202.255 179.849 5656.58
236.628 42.7859 201.531 181.58 10086.8
235.934 42.5575 217.55 195.538 12334.7
237.173 42.2556 180.918 167.602 9376.75
241.706 33.7126 232.661 235.562 4251.01
243.137 36.4672 148.836 155.409 4924.3
237.522 45.2059 191.513 171.006 2522.29
238.683 45.2422 178.976 153.127 5323.73
239.365 45.2357 165.676 181.933 5984.37
240.331 45.2664 155.23 168.445 8360.3
241.04 45.2904 148.694 159.659 9740.06
242.22 45.2781 135.642 147.454 11898.6
242.88 45.2925 131.186 142.378 12572.6
243.732 45.3997 130.205 139.834 12918.1
244.674 45.1285 122.646 129.697 13307.7
245.767 45.0931 121.399 129.121 10226.8
246.54 45.2432 127.672 136.25 7385
247.511 45.166 130.237 139.924 2793.56
249.26 45.3212 159.752 145.734 3542.04
250.437 45.3171 174.788 158.873 7445.16
245.173 33.0515 231.887 239.465 8978.23
275.383 44.8245 666.16 629.671 22884.9
244.34 34.7846 185 194.161 8424.18
243.194 35.3018 178.374 184.972 5939.99
239.665 44.7344 153.912 130.104 4721.95
240.435 44.5913 141.048 154.776 6171.88
241.33 44.5191 128.818 140.487 8031.86
242.336 44.6653 120.302 131.684 10696.8
243.253 44.589 110.991 121.593 12114.1
243.987 44.7035 110.389 120.322 13266.5
245.145 44.5494 104.256 113.61 12104.4
245.745 44.5642 105.567 114.796 9309.13
246.633 44.6165 110.342 119.642 5134.43
248.752 44.7038 138.818 125.707 3636.79
240.467 46.3925 181.739 189.777 12491
270.706 40.5559 583.766 515.652 17365.6
243.665 34.8294 187.729 195.697 7176.82
264.162 29.9618 576.173 526.228 3126.43
245.586 43.5625 74.2937 86.7438 8226.08
237.043 42.6071 187.351 172.415 8573.9
239.789 43.9437 139.016 157.942 1816.26
240.496 44.082 130.949 105.41 4329.55
241.431 43.9104 114.054 87.0414 6141.38
242.259 43.9733 104.508 116.968 8873.76
243.197 44.086 97.1191 109.727 12153.2
244.042 43.9121 86.8434 98.8026 12739.1
244.867 43.7945 80.8034 92.7411 12045
245.883 43.9146 86.4869 97.6506 7143.58
246.548 43.9286 90.6351 102.249 3423.49
248.513 43.8756 113.185 103.018 6170.97
249.424 43.92 130.569 116.873 9154.12
250.183 43.7013 139.1 125.778 11115.7
244.855 34.1574 204.064 210.212 9571.13
241.526 35.6628 179.799 153.609 923.6
254.387 39.7997 220.518 200.428 10661.5
239.847 43.2515 144.131 121.548 2299.08
242.246 43.3471 91.9393 64.6087 5580.12
243.233 43.4275 80.0797 92.7896 10114.8
244.172 43.4151 73.1068 85.0094 12789.1
244.902 43.25 64.6709 77.4691 11893.3
245.826 43.3979 67.6568 43.4372 6628.74
247.567 43.3998 87.3249 79.8444 4537.16
248.388 43.2741 99.3627 89.1219 7965.5
249.288 43.3629 117.792 104.713 10659.7
249.98 43.2112 127.501 114.567 11877.1
260.198 30.4794 485.037 458.391 2902.12
269.752 42.9142 552.997 488.841 1.02394e+06
239.107 42.7258 148.024 131.386 5737.53
240.753 42.6912 115.059 97.7334 3058.27
243.13 42.7779 68.2011 40.9775 6085.87
243.968 42.7713 56.2942 70.1407 11551.7
246.824 42.5452 56.2483 52.1615 6309.14
248.412 42.8321 92.9565 81.5249 9675.15
249.08 42.7507 102.98 92.0909 12100.3
249.958 42.6372 123.186 106.729 15083.6
251.153 42.8247 145.051 130.661 14334.1
251.658 42.6579 152.985 138.95 14146.5
262.107 27.5459 583.938 548.624 9860.47
240.66 42.0187 107.019 94.0024 7967.12
241.656 42.1901 86.7699 75.3477 4538.73
242.333 42.0192 74.1178 60.8751 4097.16
247.614 42.0041 62.9674 55.7993 11612.6
249.127 42.0995 96.789 86.2948 13349.5
249.964 41.9243 112.452 101.537 14237.6
250.643 42.1012 127.594 115.618 15456.5
251.66 42.0073 150.935 136.03 14570.6
252.63 41.9641 171.792 155.731 12885.7
253.566 42.031 193.346 174.596 12180.4
253.777 46.6885 251.036 226.553 10497.6
288.074 44.2401 921.902 859.891 24420.5
240.934 34.1082 233.283 230.46 2542.34
285.417 44.6197 876.151 810.266 27839
240.829 41.3884 100.513 88.4247 10382.3
241.621 41.4483 81.1905 72.3106 10346.4
245.085 41.4157 65.9593 13.9653 23876.8
247.552 41.4632 57.6142 50.1546 11516.1
248.37 41.3146 75.5633 67.4941 10709.4
249.334 41.4729 96.3217 87.5431 13138.7
249.933 41.4272 111.372 99.9838 13191.2
250.843 41.5047 132.066 118.98 12860.2
251.814 41.4906 155.964 138.605 15247.3
252.637 41.6067 171.893 155.183 13390.7
253.404 41.4033 189.329 171.431 12379.1
236.17 44.0035 221.482 199.456 5584.9
237.12 38.1448 202.124 188.005 11431.7
280.154 39.6581 797.261 742.868 23647.7
236.597 41.7752 195.16 178.314 12754.4
237.663 41.6898 168.631 155.565 10637.5
236.119 41.702 206.234 186.371 14099.2
236.486 41.355 198.447 179.899 14666.8
237.948 41.526 165.708 149.245 11906.8
238.305 41.342 155.596 142.035 11745.5
236.695 40.222 196.407 178.471 17906.5
237.274 41.086 177.026 164.823 12180.4
237.538 40.9591 173.078 159.61 11741.9
238.63 41.056 146.542 135.609 11985
237.502 40.104 181.191 158.826 12672.4
237.082 40.764 184.358 169.449 13265.2
238.104 41.006 159.092 146.775 12148.1
238.316 40.81 155.973 143.151 12807.1
237.913 40.577 163.466 152.508 11601.9
238.978 40.729 141.027 128.67 12664.7
238.198 40.295 158.52 146.783 13072.1
236.845 40.453 191.981 175.201 15759
236.859 41.142 190.8 173.311 13405.9
236.435 40.843 200.341 181.159 16835.8
236.053 40.722 205.565 189.701 16445.8
236.141 40.5907 205.508 188.185 16884.8
236.198 40.483 205.316 187.288 17199.9
235.873 40.483 210.575 194.002 16445.8
236.252 40.483 205.242 186.587 17624
235.836 40.2482 213.555 196.126 15818
236.346 40.285 204.625 185.628 19709.3
236.497 40.101 200.083 183.841 17728.3
236.406 40.1882 202.701 184.404 18485.7
236.727 39.7145 198.512 181.695 17484.8
236.825 39.5703 198.195 180.268 16634.5
236.813 39.4928 197.417 181.222 16252.9
237.04 39.4666 194.081 176.349 16390.2
237.032 39.196 194.963 178.814 15017.1
237.189 39.1124 191.773 176.805 15328.4
237.24 38.9063 191.401 177.202 14446.9
236.281 39.8633 206.975 188.741 17193.1
236.525 39.622 203.346 185.57 17096.1
236.622 39.0132 203.968 188.53 14223.7
236.924 38.6639 200.67 185.742 13701.9
237.704 39.532 176.459 161.865 14836.8
237.478 39.3154 183.842 168.864 14919.2
237.845 39.2751 175.051 160.967 15232
237.858 39.0049 176.418 163.571 15503.9
239.398 40.3453 137.607 121.738 12558.1
238.828 40.1096 146.67 136.09 11819.1
238.473 39.719 157.137 144.185 12893.1
239.603 40.1808 133.644 119.281 12290.4
239.812 40.025 128.209 115.786 12729.2
239.359 40.0112 137.917 124.529 13214.4
239.286 39.8043 140.458 126.886 12136.3
238.837 39.3837 155.025 141.764 12192.4
239.775 39.6502 131.88 119.925 12295.5
239.845 39.0516 140.86 125.708 11418
266.423 34.5454 552.561 486.24 12347
241.164 37.6302 137.146 128.892 6116.37
254.618 31.6985 1716.71 1089.52 0.901669
243.578 32.892 240.651 247.142 7901.89
246.059 46.8292 170.468 175.365 12690.5
242.805 33.6 226.829 231.333 6331.49
251.501 37.2103 187.135 190.492 2926.96
240.165 40.7484 115.42 103.554 12195.9
241.029 40.7797 94.0257 85.3684 12077.1
241.866 40.7811 77.0733 67.6361 12276.8
242.476 40.852 63.6132 55.1428 12521.3
245.796 40.8556 118.035 40.7443 140.151
248.563 40.8869 79.0481 72.4506 9394.93
249.167 40.9425 93.8582 85.37 10331.8
250.327 40.9763 122.427 109.25 12502.1
250.823 40.8936 133.944 119.49 12343.2
251.737 40.8338 154.186 138.255 14374.9
252.48 40.76 170.328 154.425 13230.8
253.546 40.8023 194.835 176.098 12762.5
265.339 31.7598 586.27 508.956 6907.34
245.381 34.7676 185.825 194.707 9900.99
242.877 48.2642 212.37 216.294 244.323
279.822 33.1067 845.777 796.192 12096.4
236.131 47.3917 264.456 223.034 9951.37
240.173 40.165 119.067 106.708 13014.8
241.123 40.1614 96.8595 87.3143 12326
241.845 40.2903 79.9218 72.0358 12128.9
243.5 40.2917 48.8682 40.8255 9919.61
248.498 40.2067 84.1061 77.9349 4361.32
249.262 40.1948 99.1792 92.8839 6687.5
249.992 40.2655 117.256 106.317 8845.74
250.876 40.2982 135.99 124.05 9196.89
251.758 40.1348 158.812 143.063 10682.9
252.53 40.2149 174.482 158.31 11126.9
257.967 40.9451 295.837 264.642 15067.8
241.276 34.6145 218.721 217.421 2332.09
270.591 34.5118 635.089 603.244 12789.4
240.102 39.6785 124.325 112.698 12448.1
241.111 39.5399 104.658 94.6003 11410.4
241.92 39.6946 85.8312 78.0391 10815.3
242.861 39.5516 71.8589 64.3389 6904.77
245.092 39.4731 53.5385 65.9195 10359.8
245.984 39.455 57.2336 69.6304 12217.4
246.931 39.5906 64.9232 76.2992 7782
249.754 39.6279 122.463 110.37 4207.82
251.019 39.6333 143.235 132.862 6507.2
251.609 39.4998 158.792 145.601 6596.04
252.551 39.524 178.965 165.186 8349.32
286.092 41.0056 911.206 845.354 26760.2
241.815 34.1714 220.278 223.546 4075.31
245.858 34.3034 200.385 207.495 10905
243.541 33.6117 226.434 224.796 45679.1
290.708 45.2644 1025.02 901.244 61578.1
241.192 38.9383 112.804 102.762 9386.35
242.068 38.8606 98.0592 89.5474 7052.76
244.346 38.8455 72.2764 85.3731 6506.6
245.17 39.04 68.3961 77.671 10898.9
245.98 38.9551 70.4561 82.5742 12037.1
246.723 38.9882 75.4485 87.617 10759.9
247.621 38.9995 90.8099 99.2339 7225.56
248.828 38.9176 116.805 117.893 3612.66
251.704 38.9541 168.242 153.956 4054.01
252.426 38.8347 182.79 169.424 4524.57
253.09 38.8627 199.88 182.405 6016.06
240.549 38.5226 133.086 120.945 10024.3
241.894 38.3489 113.285 102.431 5772.93
244.415 38.3489 87.6674 98.1328 7355.04
245.392 38.3281 85.9633 97.4093 11777.3
246.031 38.1802 92.3969 103.484 13131.5
246.979 38.2987 98.1812 107.729 12136.1
247.723 38.2108 108.902 118.262 10532.2
248.517 38.2843 122.258 126.409 7379.74
249.289 38.4187 134.883 133.948 4666.24
250.106 38.3862 155.433 145.145 2928.34
252.45 38.3685 190.109 176.769 3090.63
253.244 38.2289 211.022 194.639 3831.85
240.756 36.3052 174.582 162.905 2798.11
250.733 45.1221 173.854 158.403 9542.57
243.003 34.8753 189.733 197.998 5881.93
255.964 44.1212 254.624 230.646 13467.1
243.405 37.923 108.504 115.996 3522.73
244.253 37.6444 109.333 117.811 7731.35
245.151 37.6083 107.724 116.897 10723.9
246.14 37.5808 109.763 120.204 13482.3
246.832 37.7601 109.89 120.447 13141
247.637 37.6761 124.462 130.786 12617
248.404 37.7222 132.908 138.544 9905.33
249.198 37.6354 147.724 149.69 7779.74
250.005 37.6903 158.081 158.643 4659.79
250.863 37.7459 175.561 168.272 3243.81
238.553 36.764 200.436 185.101 8198.32
241.453 32.9799 259.257 253.591 4777.58
266.785 41.9069 491.948 435.365 17963.2
254.499 37.7456 250.536 227.12 3942.82
243.725 35.8996 158.735 166.556 7387.9
240.004 35.3142 208.636 193.939 2854.63
240.476 33.2479 254.835 256.235 1982.97
282.112 40.6358 843.191 793.542 1795.8
244.2 32.9451 235.083 243.542 6583.87
244.78 37.2408 118.599 127.006 9662.82
245.285 36.7256 131.924 141.53 10291
246.093 37.0195 125.086 135.144 12507.2
246.916 37.0615 130.591 139.303 13332
247.618 37.0183 140.015 146.395 12942.4
248.494 36.9839 152.274 156.548 12229.2
249.196 36.9969 161.887 164.689 10023.5
250.126 37.1364 172.482 172.981 6571.51
250.975 36.8299 190.961 191.214 5341.02
253.097 37.0138 236.383 215.206 1430.95
241.77 37.0542 139.249 136.066 1702.36
236 44.6764 236.475 209.575 2978.7
249.215 32.3098 275.447 277.463 14287.5
244.076 35.4358 170.229 177.605 8114.86
243.67 36.4193 146.329 153.297 6883.58
244.617 36.423 140.767 150.083 8928.49
245.461 36.4321 140.614 149.942 10873.1
246.035 36.4151 142.346 151.8 12154.7
246.82 36.4182 147.683 155.457 12611.5
248.87 36.1428 177.026 180.068 12427.2
249.338 36.5996 172.533 174.709 11045.4
250.13 36.4199 189.121 188.44 9169.11
250.792 36.2925 202.914 200.037 7529.88
251.48 36.3758 210.071 207.401 6207.01
244.57 35.8384 157.65 165.609 9038.89
245.149 35.7266 160.166 168.599 10372
246.016 35.8522 157.67 167.038 12084.5
246.895 35.6339 169.212 176.789 12808.5
247.827 35.8191 172.893 178.187 12389.3
249.206 35.6218 195.011 196.087 12621.5
250.067 35.7113 203.722 204.102 11144.6
250.954 35.7147 218.842 214.555 9139.9
251.534 35.7992 222.986 220.021 7529.54
252.362 35.8054 233.171 232.387 4824.37
269.482 32.2185 646.14 574.585 11542.5
243.86 44.932 117.725 127.038 13498.3
243.601 44.991 119.262 129.759 12906.7
243.336 45.045 121.81 132.868 12367.3
242.966 45.164 127.485 138.372 12589
242.641 45.427 136.989 147.206 12631
242.193 45.504 143.938 153.082 12302.8
242.319 45.64 147.011 155.466 12744.2
242.452 45.805 150.472 158.388 13077.4
245.13 35.301 170.961 179.864 10503.9
242.536 45.953 154.073 161.336 13731.2
246.115 35.099 179.155 187.573 12140.6
246.917 35.2127 181.122 188.131 13279
242.501 46.269 162.982 169.192 14656.9
247.733 35.1787 189.162 193.993 13670.2
248.468 35.0951 198.559 201.992 13059.9
242.356 46.512 169.144 176.02 14048.9
249.287 35.0789 208.367 210.139 12756.3
242.281 46.62 171.857 179.1 13793.8
250.264 35.1181 221.894 220.06 11720.9
250.612 35.1118 226.531 224.49 10824.4
242.494 44.8448 122.8 94.4517 11297.2
251.5 35.1259 238.702 234.803 9338.69
242.076 44.538 121.158 91.6998 9881.32
252.352 35.117 250.898 246.377 7517.81
253.133 35.0719 262.98 258.69 6127.85
273.706 38.2289 668.335 626.846 15876.1
240.241 39.3104 125.494 114.516 11849.9
237.459 40.5799 174.983 161.567 12673.4
261.219 34.7379 459.704 399.97 4768.42
227.653 56.4191 570.51 565.239 745831
248.626 35.5169 190.953 192.421 13277.7
241.363 42.4339 98.1119 82.9823 3628.37
272.17 36.1297 647.126 576.072 13295.3
246.17 34.5935 193.587 201.176 11380.4
247.109 34.4692 201.785 208.526 13123.4
247.763 34.4866 206.115 212.393 13376.9
248.559 34.4178 217.525 179.489 11870.9
249.194 34.3371 226.704 227.578 13725.2
250.05 34.5293 232.198 231.421 12815.3
250.71 34.4275 244.753 241.312 11915.9
251.502 34.5421 254.255 248.067 11321.3
252.214 34.4457 265.782 259.209 9829.02
252.99 34.5058 274.029 268.489 8222.03
245.476 33.7503 214.445 221.208 10096.6
246.171 33.8142 214.616 221.224 11009.3
246.995 33.9383 215.267 221.784 12732.2
247.667 33.9535 219.104 225.068 13433.3
248.522 33.8798 229.838 233.306 13791.9
249.156 33.6953 241.313 243.318 13988.1
250.746 33.9571 255.482 252.903 12540.3
251.623 33.9085 270.163 264.158 12470
252.326 34.0087 277.456 270.68 11284.4
253.079 34.0739 284.457 278.731 8720.25
246.343 33.1999 230.845 237.688 11117.8
247.054 33.3627 230.219 236.7 12212.4
247.842 33.2893 238.101 243.244 12913
248.573 33.341 243.257 247.162 13099.6
249.528 33.2969 255.16 256.317 14453.5
249.964 33.0851 264.135 265.528 14098.8
250.734 33.2921 270.56 268.3 13812
251.408 33.1132 285.096 279.821 13578.6
