242.895 32.8889 299.225 274.449 183797
245.42 32.5356 302.57 277.467 484296
246.233 32.7683 295.175 271.888 510048
247.117 32.7513 299.69 276.267 643093
247.772 32.7006 298.564 279.877 327828
248.296 32.5618 304.45 286.738 270178
249.261 32.5716 315.809 295.583 390526
250.03 32.6399 322.737 301.999 384484
250.697 32.7663 329.663 306.753 702187
251.367 32.5466 347.795 321.715 833243
252.215 32.5324 365.468 334.356 582814
252.999 32.6995 384.484 342.745 598292
247.189 31.9559 328.929 300.714 840271
248.543 32.0022 323.763 305.11 304043
249.184 31.7748 338.139 317.925 189874
249.954 31.9737 344.784 320.089 415727
250.741 31.9989 354.747 328.895 429242
251.473 31.9041 369.275 341.277 830387
252.222 32.0094 378.916 348.394 1.39974e+06
252.899 32.1046 391.355 356.02 827231
250.009 31.439 359.688 335.731 449019
250.719 31.3757 372.939 346.078 741503
251.472 31.3369 387.624 357.155 912616
237.915 48.9983 334.8 305.134 565383
238.52 49.0983 330.309 297.98 446745
239.616 49.048 323.151 284.037 153189
240.728 48.9534 288.077 269.085 159841
241.415 48.9752 282.848 263.333 208570
242.441 48.9813 275.844 256.447 370560
243.637 48.958 270.586 252.115 460682
244.347 48.9339 267.898 250.37 436784
245.587 48.933 267.815 250.699 318604
246.578 48.9725 313.553 252.707 348206
247.267 48.9777 275.741 256.904 175946
248.403 48.9482 278.36 260.962 132066
249.301 48.9448 286.891 266.835 128859
276.343 42.3012 878.459 749.175 1.82287e+06
277.018 40.2319 846.136 763.706 6.91153e+06
183.316 51.8823 1711.52 1481.44 7.85457e+06
242.566 34.5505 244.836 226.752 151785
264.138 48.2977 536.033 479.346 1.03001e+06
241.17 35.1269 259.664 223.599 93722.7
238.516 48.5183 314.211 285.459 415281
239.88 48.4607 296.35 266.497 228608
240.667 48.3584 295.038 256.035 152588
241.851 48.4226 263.351 244.464 264969
242.775 48.2995 253.331 235.252 430001
243.633 48.4366 253.83 236.242 419623
244.411 48.4694 252.757 236.295 400407
245.532 48.3739 249.478 233.107 261104
246.727 48.3609 250.612 235.067 203927
247.438 48.3129 255.187 237.646 116335
248.293 48.4128 263.279 244.988 107177
249.201 48.2921 265.747 248.138 105072
250.223 48.3943 312.111 260.2 138372
243.079 34.2623 251.41 231.683 165555
244.546 33.6552 264.748 244.19 351640
239.64 39.8666 160.222 143.595 185663
244.002 34.0006 250.793 234.865 145291
242.341 34.2388 266.229 238.117 130117
284.014 42.1993 993.389 907.697 1.43128e+07
279.58 37.2113 934.714 854.692 2.18767e+07
242.779 40.4314 72.6673 64.1945 118789
242.694 44.8525 154.634 138.926 239289
248.37 45.597 182.178 163.7 25313.4
272.949 31.1687 979.583 804.033 1.02116e+07
250.442 42.7667 159.499 139.928 306139
238.311 47.6947 317.696 272.162 693766
239.106 47.923 291.89 263.623 411902
239.939 47.6902 276.383 247.051 519148
240.955 47.7849 273.486 238.404 194530
241.726 47.8006 245.993 228.868 164820
242.692 47.8192 239.132 221.822 318389
244.525 47.7092 228.798 213.377 333073
245.426 47.6795 226.192 212.155 257513
246.253 47.7687 227.388 215.547 157405
247.393 47.775 235.286 221.668 118048
248.254 47.8012 243.219 226.741 105278
249.237 47.6327 251.547 230.365 135531
260.263 38.814 472.56 395.344 744845
282.627 38.2046 996.831 909.087 1.62999e+07
268.755 38.0557 671.821 589.316 2.76026e+06
241.585 33.4019 300.776 273.034 92560.5
239.613 38.0345 192.007 172.408 86539.8
282.11 35.2393 1013.05 930.466 4.35368e+07
212.138 64.8736 1022.38 947.516 8.11455e+06
236.695 44.5855 318.771 242.972 55920
241.92 36.4399 219.027 176.498 45177.5
237.197 47.1109 312.353 262.405 414592
238.011 47.1881 284.363 260.471 128819
239.156 47.1935 291.413 249.383 789480
240.027 47.1936 262.889 234.042 646126
241.079 47.0573 245.199 217.707 354494
241.691 47.0615 223.364 209.768 84536.7
242.724 47.0547 215.597 199.926 216391
243.665 47.0477 210.68 195.124 322201
245.541 47.0943 206.576 194.14 178912
246.494 47.0816 235.669 195.091 91244.5
247.48 47.0418 223.546 201.068 97234
248.451 47.0308 226.955 208.044 68019.2
249.313 47.1523 271.108 222.748 24719
250.198 47.1961 259.039 227.088 123376
244.619 34.6375 229.196 213.335 249195
241.666 34.2535 268.372 243.484 83493
243.899 32.6591 309.656 278.681 226364
236.437 46.5459 315.511 263.588 554964
239.021 46.5433 258.638 230.257 150055
240.145 46.5585 253.951 217.905 457593
240.94 46.4911 229.75 204.435 573557
241.854 46.5139 219.927 196.013 162848
242.89 46.485 197.414 183.014 210547
243.791 46.3559 187.443 174.005 298690
245.812 46.4423 184.714 163.935 169881
246.507 46.4162 187.726 175.191 90114.5
247.359 46.4246 199.43 180.379 110729
248.324 46.5336 202.776 190.99 57748.8
249.142 46.462 231.445 205.093 92875.8
250.086 46.5663 241.301 209.745 186476
242.006 34.8811 291.484 214.231 72059.2
218.842 64.7774 952.863 877.968 1.46314e+07
250.245 48.024 272.182 251.348 37848.1
280.011 42.1175 891.651 851.074 4.99693e+06
268.505 47.9462 708.015 600.788 206109
236.441 45.9306 306.233 254.202 698217
237.581 45.9325 272.818 241.356 404791
239.218 45.7664 231.446 198.638 220380
240.072 45.8951 238.557 202.165 220561
241.223 45.7971 203.727 181.921 557753
242.772 45.9734 201.557 171.72 156087
243.845 45.8883 172.874 160.237 288206
244.745 45.7565 165.799 153.81 256874
245.668 45.7893 163.354 153.982 115412
246.63 45.8122 165.942 156.838 87578.2
247.507 45.8409 180.633 164.197 112456
249.341 45.9054 208.675 182.612 166321
250.284 45.9046 219.668 194.119 78264.4
236.363 45.0404 306.009 260.278 149044
237.937 47.8634 329.488 282.334 914988
237.354 47.8872 345.389 286.28 503801
237.148 46.6619 301.074 263.593 406351
236.824 46.0753 298.076 248.242 479581
236.784 45.8811 294.121 246.581 691786
237.541 45.7151 272.346 228.523 453763
236.711 45.296 308.445 254.604 227660
236.927 44.8384 285.286 239.806 161468
236.651 43.6971 264.035 223.545 68180.3
236.193 43.5362 270.03 233.804 113992
235.94 42.9094 275.728 235.282 466738
236.879 43.4344 247.811 216.212 87884.5
236.628 42.7859 256.578 216.931 227954
235.934 42.5575 270.178 234.822 212740
237.173 42.2556 237.032 200.888 216767
241.706 33.7126 288.608 261.314 92422.1
243.137 36.4672 175.306 164.72 71796
237.522 45.2059 276.099 224.524 199307
238.683 45.2422 235.97 198.923 666853
239.365 45.2357 219.815 195.323 362057
240.331 45.2664 193.267 178.433 170443
241.04 45.2904 202.554 172.213 180672
242.22 45.2781 173.477 155.493 426176
242.88 45.2925 158.945 148.367 130523
243.732 45.3997 157.958 145.701 291519
244.674 45.1285 145.692 134.619 225336
245.767 45.0931 139.835 132.026 120174
246.54 45.2432 146.395 138.654 92377.7
247.511 45.166 153.1 143.588 46452.3
249.26 45.3212 188.612 166.008 146485
250.437 45.3171 202.103 182.227 131274
245.173 33.0515 283.657 261.243 348982
275.383 44.8245 782.957 708.076 2.18673e+06
244.34 34.7846 223.963 209.219 134048
242.634 36.9961 172.778 144.77 26776
243.194 35.3018 216.709 199.764 167214
237.814 44.6837 244.625 206.349 61997.2
239.665 44.7344 213.939 173.364 254388
240.435 44.5913 181.594 163.596 246934
241.33 44.5191 162.933 146.743 291400
242.336 44.6653 160.966 138.638 364233
243.253 44.589 134.298 124.808 153468
243.987 44.7035 134.698 123.665 308352
245.145 44.5494 122.749 115.085 188681
245.745 44.5642 121.047 115.547 123451
246.633 44.6165 133.122 121.524 82323.9
248.752 44.7038 165.12 143.531 137524
240.467 46.3925 238.355 208.088 409186
270.706 40.5559 689.91 613.488 1.64551e+06
243.665 34.8294 252.15 214.699 98095
245.586 43.5625 86.2654 83.0717 99819.9
237.043 42.6071 243.151 206.353 246868
239.789 43.9437 182.721 164.953 109407
240.496 44.082 167.602 142.785 189095
241.431 43.9104 142.411 121.284 197514
242.259 43.9733 129.041 119.262 208652
243.197 44.086 131.116 113.293 675573
244.042 43.9121 104.911 98.2113 222338
244.867 43.7945 95.5916 90.5714 176919
245.883 43.9146 100.983 95.2138 106510
247.515 43.9997 127.835 109.383 112723
248.513 43.8756 133.784 118.934 157323
249.424 43.92 149.381 134.677 196099
250.183 43.7013 161.829 145.893 223930
244.855 34.1574 246.118 227.578 386729
254.387 39.7997 282.693 239.396 108355
240.689 43.3736 144.826 125.742 91218.1
241.526 43.358 127.38 108.42 81414.1
242.246 43.3471 111.959 94.9825 177602
243.233 43.4275 99.8242 92.3167 209681
244.172 43.4151 87.5472 82.2782 228798
244.902 43.25 76.6053 73.2984 182094
245.826 43.3979 88.8868 69.3515 88672.6
247.567 43.3998 108.123 93.7355 137301
248.388 43.2741 112.529 103.013 168971
249.288 43.3629 135.345 122.1 242007
249.98 43.2112 151.129 134.87 296945
260.198 30.4794 591.585 523.462 818045
269.752 42.9142 704.453 588.88 4.65847e+07
239.107 42.7258 181.065 157.613 144532
240.753 42.6912 135.52 117.207 67041.7
242.275 42.6996 96.3773 81.5326 70078.4
243.13 42.7779 81.7265 67.5801 135152
243.968 42.7713 68.424 65.3897 238080
245.097 42.636 53.7697 53.5635 147160
246.824 42.5452 65.6011 61.0802 104203
247.469 42.6852 81.4944 74.3104 149480
248.412 42.8321 104.023 94.9828 186380
249.08 42.7507 119.493 107.942 242551
249.958 42.6372 142.409 126.338 508376
251.153 42.8247 176.871 155.37 193144
251.658 42.6579 187.3 166.212 211558
207.417 57.7828 1186.98 1003.96 1.95634e+06
262.107 27.5459 792.308 668.707 7.48733e+06
240.66 42.0187 128.939 114.186 145702
241.656 42.1901 105.915 91.7332 60588.2
242.333 42.0192 86.8979 73.9199 78726.7
243.529 42.0773 56.9577 45.7815 60869.7
244.246 42.1669 45.6679 45.425 173370
244.984 42.146 37.6054 28.2133 155583
246.76 42.0343 54.6909 49.2008 161892
247.614 42.0041 72.3566 66.829 189004
248.568 42.0149 96.503 87.3638 230408
249.127 42.0995 112.271 101.496 219360
249.964 41.9243 136.603 121.067 399740
250.643 42.1012 159.632 139.424 478840
251.66 42.0073 192.215 165.023 543453
252.63 41.9641 225.496 190.627 249076
253.566 42.031 252.269 213.346 792123
253.777 46.6885 285.861 264.19 110528
288.074 44.2401 1143.32 992.637 2.14246e+07
240.934 34.1082 306.205 267.129 90426
285.417 44.6197 1082.56 927.537 8.23304e+06
240.829 41.3884 120.315 106.249 214208
241.621 41.4483 98.9947 87.5813 191088
242.55 41.423 73.6151 65.0243 177046
243.46 41.522 49.489 44.4006 73634.8
245.085 41.4157 57.7726 47.9118 6394.49
246.653 41.503 44.418 40.0964 174085
247.552 41.4632 65.7843 60.3016 175775
248.37 41.3146 90.6345 79.9562 169631
249.334 41.4729 118.375 104.336 338378
249.933 41.4272 137.838 119.933 301920
250.843 41.5047 172.888 142.55 154470
251.814 41.4906 208.671 170.61 311986
252.637 41.6067 219.769 189.077 225359
253.404 41.4033 252.279 208.34 379227
237.12 38.1448 277.515 231.306 211691
280.154 39.6581 923.778 838.131 1.43519e+07
236.597 41.7752 242.272 211.183 178952
237.663 41.6898 215.851 186.483 255605
236.119 41.702 252.712 223.388 160271
236.486 41.355 241.152 212.654 162000
237.948 41.526 206.778 178.99 351176
238.305 41.342 195.313 169.499 371667
236.695 40.222 235.283 211.324 152092
237.274 41.086 224.156 194.008 235505
237.538 40.9591 217.722 188.016 270380
238.63 41.056 186.75 161.362 483600
237.502 40.104 223.741 193.823 392978
237.082 40.764 227.455 198.329 289592
238.104 41.006 203.613 174.69 364875
238.316 40.81 194.896 169.628 426036
237.913 40.577 203.147 179.263 259280
238.978 40.729 173.498 152.931 345369
238.198 40.295 193.735 173.145 220401
237.901 40.157 199.638 183.912 5536.29
236.845 40.453 229.204 204.84 180740
236.859 41.142 233.563 203.394 211716
236.435 40.843 243.435 214.042 214028
236.053 40.722 255.579 225.374 643557
236.141 40.5907 255.984 224.359 806965
236.198 40.483 253.407 223.561 575853
235.873 40.483 267.16 233.569 446511
236.252 40.483 249.866 222.602 310066
235.836 40.2482 263.337 235.798 127950
236.346 40.285 247.119 220.578 169588
236.497 40.101 255.771 219.516 193746
236.406 40.1882 247.704 220.104 193021
236.727 39.7145 255.256 220.153 512371
236.825 39.5703 251.764 218.608 292531
236.813 39.4928 252.305 219.202 258522
237.04 39.4666 246.381 212.854 237496
237.032 39.196 250.634 216.951 312139
237.189 39.1124 246.529 214.151 295666
237.24 38.9063 251.659 216.01 244337
236.281 39.8633 267.911 229.856 365656
236.525 39.622 264.388 226.531 626473
236.622 39.0132 263.298 229.765 285537
236.924 38.6639 264.083 228.227 187154
237.704 39.532 219.857 191.979 597762
237.478 39.3154 234.711 202.869 304943
237.845 39.2751 218.453 191.044 736796
237.858 39.0049 224.798 195.317 491266
239.398 40.3453 160.673 143.653 192611
238.828 40.1096 179.384 159.139 218890
238.473 39.719 188.845 169.804 196504
239.603 40.1808 157.405 140.38 146868
239.812 40.025 152.72 136.491 220600
239.359 40.0112 164.078 146.802 176972
239.286 39.8043 168.38 150.435 172994
238.837 39.3837 183.397 165.375 134692
239.775 39.6502 157.976 141.123 171526
239.959 39.4725 157.146 140.107 175457
239.845 39.0516 169.552 150.134 157545
266.423 34.5454 697.379 586.47 2.2091e+06
241.164 37.6302 190.669 156.644 45226.2
254.618 31.6985 1482.85 1529.11 3.42383
243.578 32.892 291.983 271.536 93263.1
242.511 36.058 194.896 172.921 73168.9
246.059 46.8292 199.04 186.346 170258
242.805 33.6 279.031 253.128 181416
251.501 37.2103 223.137 207.229 90073.9
240.165 40.7484 138.215 122.769 229476
241.029 40.7797 114.696 101.679 210840
241.866 40.7811 92.0051 82.0046 153886
242.476 40.852 75.0707 66.8501 134175
243.492 40.7186 50.2815 44.3408 156442
246.813 40.8513 48.29 43.9568 91758
247.48 40.8903 66.465 59.2211 114188
248.563 40.8869 96.9846 85.5512 247989
249.167 40.9425 120.049 101.864 338687
250.327 40.9763 156.13 131.789 225413
250.823 40.8936 167.863 143.618 123157
251.737 40.8338 199.511 167.593 529068
252.48 40.76 226.991 187.563 415597
253.546 40.8023 256.17 213.884 368854
265.339 31.7598 721.013 631.596 5.60769e+06
245.381 34.7676 223.852 208.628 221596
242.877 48.2642 251.812 233.726 7942.43
279.822 33.1067 989.634 902.281 2.5449e+07
236.131 47.3917 355.043 295.413 282071
240.173 40.165 141.097 126.292 219998
241.123 40.1614 116.721 103.928 211425
241.845 40.2903 96.8221 86.464 167839
242.81 40.1697 73.873 66.9486 94673
245.255 40.2679 33.2618 26.3883 89881.3
246.019 40.1314 45.074 36.6047 99015.4
248.498 40.2067 106.214 90.0427 117244
249.262 40.1948 126.8 108.45 188788
249.992 40.2655 149.255 126.73 262733
250.876 40.2982 184.235 149.542 224841
251.758 40.1348 208 172.515 405630
252.53 40.2149 234.129 191.488 189176
257.967 40.9451 391.222 320.71 573319
270.591 34.5118 773.575 677.379 3.61242e+06
240.102 39.6785 149.676 133.437 230101
241.111 39.5399 130.621 113.914 266964
241.92 39.6946 105.191 93.9945 176353
245.092 39.4731 62.0033 61.2906 116801
245.984 39.455 66.0594 64.757 145314
248.34 39.6092 122.541 95.8019 21253.5
249.26 39.473 141.277 120.19 48962
249.754 39.6279 147.325 127.246 100307
251.019 39.6333 181.806 156.418 152937
251.609 39.4998 199.848 171.689 168166
252.551 39.524 226.774 196.131 291922
286.092 41.0056 1022.91 963.191 1.23928e+07
241.815 34.1714 282.422 248.123 74264.6
245.858 34.3034 242.733 224.075 288609
243.541 33.6117 271.794 249.374 819443
290.708 45.2644 1110.47 1023.19 2.99943e+07
241.192 38.9383 138.603 123.754 135902
242.068 38.8606 129.362 108.753 63323.1
242.818 38.834 101.985 94.8582 51916.1
243.6 38.8247 110.069 88.8194 49324.3
244.346 38.8455 85.452 83.5716 55697.6
245.17 39.04 79.3051 75.2993 142981
245.98 38.9551 81.6452 79.6507 115192
246.723 38.9882 87.417 85.7546 88626.2
247.621 38.9995 102.527 98.5603 96919.1
248.828 38.9176 132.683 123.078 76847.2
250.737 38.9553 183.483 158.781 30808.9
251.704 38.9541 196.493 178.383 98569.3
253.09 38.8627 236.556 212.751 60105.9
240.549 38.5226 161.307 145.001 85498.8
242.928 38.2397 140.761 114.513 33786.4
244.415 38.3489 100.877 97.8118 68792.3
245.392 38.3281 103.578 97.8619 185283
246.031 38.1802 107.79 103.584 211506
246.979 38.2987 112.105 107.578 185973
247.723 38.2108 126.012 120.583 170531
248.517 38.2843 139.321 131.517 75239.2
249.289 38.4187 152.302 141.946 54654
250.106 38.3862 170.098 157.536 65074.8
250.739 38.2916 182.939 171.38 49754.2
251.621 38.1888 231.875 187.99 69971
253.244 38.2289 256.74 223.307 65993.5
240.756 36.3052 231.713 195.795 49541.7
250.733 45.1221 199.355 181.612 145639
243.003 34.8753 233.413 213.998 201539
255.964 44.1212 349.941 281.079 218808
242.775 37.7243 159.555 129.596 43752.8
244.253 37.6444 126.721 120.608 88904.9
245.151 37.6083 128.913 120.08 187439
246.14 37.5808 129.272 123.094 201997
246.832 37.7601 129.48 122.365 250345
247.637 37.6761 144.168 134.655 272618
248.404 37.7222 153.168 143.845 173881
249.198 37.6354 166.904 157.829 94915.5
250.005 37.6903 183.605 170.38 119941
250.863 37.7459 199.667 184.109 105147
238.553 36.764 267.222 226.253 142079
240.285 34.4408 305.727 268.334 163489
241.453 32.9799 326.834 287.294 234759
266.785 41.9069 588.594 514.943 2.03837e+06
243.725 35.8996 193.64 177.571 137446
240.476 33.2479 348.378 293.528 118237
282.112 40.6358 1052.44 917.394 2.22014e+06
244.2 32.9451 299.229 269.638 362927
244.78 37.2408 140.138 131.635 163466
245.285 36.7256 158.119 147.531 214042
246.093 37.0195 150.67 140.84 269425
246.916 37.0615 153.07 144.047 182492
247.618 37.0183 166.005 153.017 205066
248.494 36.9839 182.751 165.342 260569
249.196 36.9969 194.521 174.271 116549
250.126 37.1364 200.114 184.479 170929
250.975 36.8299 221.775 205.79 128291
253.097 37.0138 270.286 243.02 58554.8
241.77 37.0542 202.346 164.031 49280.5
243.751 36.9488 158.531 139.589 5.25541
249.215 32.3098 321.688 302.207 285474
244.076 35.4358 199.719 189.828 85285.9
243.67 36.4193 176.025 162.375 135929
244.617 36.423 166.701 157.601 106636
245.461 36.4321 170.535 157.347 367368
246.035 36.4151 173.058 159.877 365994
246.82 36.4182 173.185 162.828 241669
248.87 36.1428 209.817 192.778 291653
249.338 36.5996 204.385 186.436 197034
250.13 36.4199 234.091 204.09 131246
250.792 36.2925 227.758 214.519 109693
251.48 36.3758 242.451 225.24 265139
244.57 35.8384 188.268 175.919 146636
245.149 35.7266 192.863 179.062 281098
246.016 35.8522 193.903 177.478 216631
246.895 35.6339 199.353 186.659 217399
247.827 35.8191 199.272 188.199 128198
249.206 35.6218 228.658 210.656 380723
250.067 35.7113 235.422 219.221 209279
250.954 35.7147 238.055 230.798 100055
251.534 35.7992 257.632 238.895 302731
252.362 35.8054 276.924 254.072 275119
269.482 32.2185 839.106 701.558 8.31461e+06
243.86 44.932 143.28 131.466 275109
243.601 44.991 145.027 134.115 193906
243.336 45.045 147.659 137.18 167629
242.966 45.164 153.78 143.874 120995
242.641 45.427 167.688 154.919 134024
242.193 45.504 179.238 161.952 371270
242.319 45.64 180.172 164.339 273955
242.452 45.805 180.555 167.36 200084
245.13 35.301 207.243 192.188 253930
242.536 45.953 182.28 170.12 110772
246.115 35.099 217.513 200.917 399397
246.917 35.2127 214.086 200.231 213241
242.501 46.269 188.927 180.187 82925
247.733 35.1787 218.135 205.369 223765
248.468 35.0951 231.942 215.597 252787
242.356 46.512 226.072 191.752 116347
249.287 35.0789 245.227 226.022 315096
242.281 46.62 225.313 195.048 126369
250.264 35.1181 259.202 238.048 204034
250.612 35.1118 270.059 243.358 200100
242.494 44.8448 158.004 131.002 311065
251.5 35.1259 282.517 256.078 91885.5
242.076 44.538 172.198 130.389 214560
252.352 35.117 286.682 268.937 164517
253.133 35.0719 312.357 285.478 635360
273.706 38.2289 789.289 710.732 8.0868e+06
240.241 39.3104 153.909 136.305 168493
237.459 40.5799 215.243 189.644 240216
227.653 56.4191 714.877 610.447 5.60908e+07
248.626 35.5169 220.623 205.551 270747
241.363 42.4339 119.357 101.182 68773.8
272.17 36.1297 767.445 684.886 2.66398e+06
246.17 34.5935 234.693 216.119 394209
247.109 34.4692 235.237 223.429 231985
247.763 34.4866 238.9 226.168 197925
248.559 34.4178 258.526 226.672 188266
249.194 34.3371 262.6 245.134 276736
250.05 34.5293 270.844 250.495 464412
250.71 34.4275 286.455 262.171 393953
251.502 34.5421 288.002 269.334 244670
252.214 34.4457 318.247 284.44 156555
252.99 34.5058 314.973 294.597 740735
245.476 33.7503 259.766 239.99 341057
246.171 33.8142 259.103 239.771 418214
246.995 33.9383 258.226 239.934 291638
247.667 33.9535 254.912 241.365 299045
248.522 33.8798 266.513 250.922 219869
249.156 33.6953 279.491 262.363 372290
250.746 33.9571 297.912 274.816 564709
251.623 33.9085 320.386 289.277 301847
252.326 34.0087 329.502 296.853 226878
253.079 34.0739 350.077 304.31 201620
246.343 33.1999 280.342 258.942 480571
247.054 33.3627 277.511 257.216 526229
247.842 33.2893 277.78 262.498 328646
248.573 33.341 280.506 266.172 172355
249.528 33.2969 295.89 277.417 360037
249.964 33.0851 310.438 288.707 435024
250.734 33.2921 316.005 292.81 553665
251.408 33.1132 333.234 307.14 840213
