247.187 40.195
242.336 44.6653 120.302 131.684 10696.8
243.253 44.589 110.991 121.593 12114.1
246.824 42.5452 56.2483 52.1615 6309.14
248.412 42.8321 92.9565 81.5249 9675.15
241.621 41.4483 81.1905 72.3106 10346.4
241.123 40.1614 96.8595 87.3143 12326
248.498 40.2067 84.1061 77.9349 4361.32
250.876 40.2982 135.99 124.05 9196.89
240.102 39.6785 124.325 112.698 12448.1
247.621 38.9995 90.8099 99.2339 7225.56
240.549 38.5226 133.086 120.945 10024.3
244.415 38.3489 87.6674 98.1328 7355.04
247.637 37.6761 124.462 130.786 12617
245.285 36.7256 131.924 141.53 10291
