244.867 43.7945 89.7822 89.2868 87014.8
248.324 46.5336 197.959 184.421 37011.2
250.183 43.7013 153.553 138.882 87245
249.334 41.4729 111.064 98.2633 118365
251.019 39.6333 166.316 147.595 39111.2
253.244 38.2289 232.873 210.684 13132.4
248.626 35.5169 210.684 199.476 98135.1
245.285 36.7256 150.567 143.003 81953.5
243.665 34.8294 219.607 203.173 76184.2
240.241 39.3104 146.562 128.358 93218.5
236.727 39.7145 235.125 204.861 166525
236.628 42.7859 227.48 202.083 55182.8
240.331 45.2664 186.791 173.036 104201
242.536 45.953 175.199 164.684 104837
