247.187 40.195
242.336 44.6653 160.966 138.638 364233
243.253 44.589 134.298 124.808 153468
246.824 42.5452 65.6011 61.0802 104203
248.412 42.8321 104.023 94.9828 186380
241.621 41.4483 98.9947 87.5813 191088
241.123 40.1614 116.721 103.928 211425
248.498 40.2067 106.214 90.0427 117244
250.876 40.2982 184.235 149.542 224841
240.102 39.6785 149.676 133.437 230101
247.621 38.9995 102.527 98.5603 96919.1
240.549 38.5226 161.307 145.001 85498.8
244.415 38.3489 100.877 97.8118 68792.3
247.637 37.6761 144.168 134.655 272618
245.285 36.7256 158.119 147.531 214042
