245.42 32.5356 246.197 253.188 9836.79
246.233 32.7683 241.626 249.103 10687.5
247.117 32.7513 247.429 252.591 12309.8
247.772 32.7006 252.814 257.253 13474.7
248.296 32.5618 260.372 264.227 13058
249.261 32.5716
250.03 32.6399
250.697 32.7663
251.367 32.5466
252.215 32.5324
252.999 32.6995
253.738 32.6349
254.546 32.7001
255.343 32.6588
255.98 32.6462
256.643 32.6764
247.189 31.9559
248.543 32.0022
249.184 31.7748
249.954 31.9737
250.741 31.9989
251.473 31.9041
252.222 32.0094
252.899 32.1046
253.572 32.0062
254.477 32.076
255.177 32.1101
255.899 32.0618
256.708 32.012
250.009 31.439
250.719 31.3757
251.472 31.3369
254.517 31.4425
255.029 31.3711
256.021 31.3165
256.508 31.3691
257.19 31.3818
255.014 30.7862
255.971 30.6689
256.598 30.8498
257.315 30.7263
255.91 30.0609
256.388 30.1456
257.212 30.1615
255.867 29.554
256.611 29.4528
257.112 29.4862
245.587 48.933 228.72 230.72 12918.5
246.578 48.9725 233.382 233.792 11631.4
247.267 48.9777 236.623 236.004 9849.87
248.403 48.9482 240.407 239.907 7129.22
249.301 48.9448 245.914 244.713 5368.41
250.154 48.9198 254.094 249.573 3997.05
251.257 48.9286
252.074 48.8799
253.075 48.9912
254.085 48.9926
255.121 48.9592
255.998 48.9239
276.343 42.3012
277.018 40.2319
264.138 48.2977
258.319 34.8837
253.543 34.9459
245.532 48.3739 212.35 215.731 12474.2
246.727 48.3609 216.475 218.111 10413.4
247.438 48.3129 218.91 219.592 8800.05
248.293 48.4128 226.251 225.946 6781.62
249.201 48.2921 228.542 228.377 4744.18
250.223 48.3943 239.808 237.438 2880.36
251.056 48.4551
251.979 48.4389
252.983 48.4278
254.004 48.3008
255.009 48.4643
284.014 42.1993
279.58 37.2113
248.37 45.597
272.949 31.1687
261.044 44.443
250.442 42.7667 131.231 118.072 14103.7
245.426 47.6795 193.254 197.395 12357.7
246.253 47.7687 196.82 201.103 10485.8
247.393 47.775 201.945 205.701 8618
248.254 47.8012 209.756 210.57 6145.81
249.237 47.6327 212.276 212.376 3370.79
250.951 47.7343
251.996 47.7133
252.904 47.8264
254.116 47.7456
254.816 47.8026
255.575 47.5302
260.263 38.814
282.627 38.2046
268.755 38.0557
282.11 35.2393
270.863 46.1003
245.541 47.0943 177.063 181.807 11986.7
246.494 47.0816 177.972 183.511 9445.82
247.48 47.0418 183.044 187.379 7223.31
248.451 47.0308 190.552 192.919 4499.91
249.313 47.1523 201.776 199.984 2331
250.198 47.1961 215.961 201.77 1581.05
251.12 47.1646
251.864 47.0911
253.006 47.0658
253.82 47.1498
254.793 47.173
255.673 47.1152
255.804 48.4702
247.187 40.195
278.567 28.1103
245.812 46.4423 160.691 124.598 11078.8
246.507 46.4162 160.488 166.346 8995.55
247.359 46.4246 165.233 170.894 6445.07
248.324 46.5336 177.217 179.254 4037.82
249.142 46.462 182.087 180.375 1493
250.086 46.5663 200.923 182.63 2715.72
251.214 46.4611
251.87 46.5038
252.924 46.5408
263.386 43.7337
250.245 48.024
280.011 42.1175
268.505 47.9462
245.668 45.7893 141.412 147.47 11233.8
246.63 45.8122 145.023 151.445 7440.84
247.507 45.8409 149.359 156.629 4684.49
248.374 45.7843 154.025 160.205 1611.12
249.341 45.9054 178.699 161.173 2496.25
250.284 45.9046 187.338 169.061 5295.16
251.056 45.8538
251.851 45.8006
252.877 45.8231
245.767 45.0931 121.399 129.121 10226.8
246.54 45.2432 127.672 136.25 7385
247.511 45.166 130.237 139.924 2793.56
248.195 45.2285
249.26 45.3212 159.752 145.734 3542.04
250.437 45.3171 174.788 158.873 7445.16
251.786 45.2202
252.793 45.225
245.173 33.0515 231.887 239.465 8978.23
275.383 44.8245
276.533 33.4112
245.145 44.5494 104.256 113.61 12104.4
245.745 44.5642 105.567 114.796 9309.13
246.633 44.6165 110.342 119.642 5134.43
247.356 44.6173
248.752 44.7038 138.818 125.707 3636.79
249.424 44.3951
250.336 44.6769
251.014 44.6704
252.001 44.4868
252.958 44.6277
253.648 44.5943
270.706 40.5559
264.162 29.9618
245.586 43.5625 74.2937 86.7438 8226.08
288.442 42.5064
245.883 43.9146 86.4869 97.6506 7143.58
246.548 43.9286 90.6351 102.249 3423.49
247.515 43.9997
248.513 43.8756 113.185 103.018 6170.97
249.424 43.92 130.569 116.873 9154.12
250.183 43.7013 139.1 125.778 11115.7
251.006 44.0363
251.872 43.9496
252.708 43.8122
253.516 43.8924
254.387 39.7997 220.518 200.428 10661.5
245.826 43.3979 67.6568 43.4372 6628.74
246.482 43.3234
247.567 43.3998 87.3249 79.8444 4537.16
248.388 43.2741 99.3627 89.1219 7965.5
249.288 43.3629 117.792 104.713 10659.7
249.98 43.2112 127.501 114.567 11877.1
250.947 43.2649
251.916 43.3531
252.554 43.3459
253.521 43.4126
260.198 30.4794
269.752 42.9142
245.916 42.6493
246.824 42.5452 56.2483 52.1615 6309.14
247.469 42.6852
248.412 42.8321 92.9565 81.5249 9675.15
249.08 42.7507 102.98 92.0909 12100.3
249.958 42.6372 123.186 106.729 15083.6
251.153 42.8247 145.051 130.661 14334.1
251.658 42.6579 152.985 138.95 14146.5
252.749 42.6332
253.476 42.6507
263.391 39.1009
262.107 27.5459
246.056 42.0886
246.76 42.0343
247.614 42.0041 62.9674 55.7993 11612.6
248.568 42.0149
249.127 42.0995 96.789 86.2948 13349.5
249.964 41.9243 112.452 101.537 14237.6
250.643 42.1012 127.594 115.618 15456.5
251.66 42.0073 150.935 136.03 14570.6
252.63 41.9641 171.792 155.731 12885.7
253.566 42.031 193.346 174.596 12180.4
254.299 42.1143
255.067 42.0432
253.777 46.6885 251.036 226.553 10497.6
288.074 44.2401
285.417 44.6197
273.002 33.0348
256.333 29.3339
245.835 41.3602
246.653 41.503
247.552 41.4632 57.6142 50.1546 11516.1
248.37 41.3146 75.5633 67.4941 10709.4
249.334 41.4729 96.3217 87.5431 13138.7
249.933 41.4272 111.372 99.9838 13191.2
250.843 41.5047 132.066 118.98 12860.2
251.814 41.4906 155.964 138.605 15247.3
252.637 41.6067 171.893 155.183 13390.7
253.404 41.4033 189.329 171.431 12379.1
254.278 41.468
255.175 41.4676
280.154 39.6581
260.397 47.8481
266.423 34.5454
254.618 31.6985
246.059 46.8292 170.468 175.365 12690.5
257.228 33.9696
251.501 37.2103 187.135 190.492 2926.96
245.796 40.8556 118.035 40.7443 140.151
246.813 40.8513
247.48 40.8903
248.563 40.8869 79.0481 72.4506 9394.93
249.167 40.9425 93.8582 85.37 10331.8
250.327 40.9763 122.427 109.25 12502.1
250.823 40.8936 133.944 119.49 12343.2
251.737 40.8338 154.186 138.255 14374.9
252.48 40.76 170.328 154.425 13230.8
253.546 40.8023 194.835 176.098 12762.5
254.056 40.8947
255.118 40.8271
255.913 40.8132
265.339 31.7598
245.401 34.8249
245.381 34.7676 185.825 194.707 9900.99
279.822 33.1067
245.255 40.2679
246.019 40.1314
247.531 40.2807
248.498 40.2067 84.1061 77.9349 4361.32
249.262 40.1948 99.1792 92.8839 6687.5
249.992 40.2655 117.256 106.317 8845.74
250.876 40.2982 135.99 124.05 9196.89
251.758 40.1348 158.812 143.063 10682.9
252.53 40.2149 174.482 158.31 11126.9
253.453 40.1618
254.082 40.2109
254.927 40.1227
255.88 40.1129
257.967 40.9451
270.591 34.5118
245.984 39.455 57.2336 69.6304 12217.4
246.931 39.5906 64.9232 76.2992 7782
247.721 39.5708
248.34 39.6092
249.26 39.473
249.754 39.6279 122.463 110.37 4207.82
251.019 39.6333 143.235 132.862 6507.2
251.609 39.4998 158.792 145.601 6596.04
252.551 39.524 178.965 165.186 8349.32
253.241 39.5952
254.161 39.3741
255.092 39.5144
255.832 39.5125
286.092 41.0056
245.858 34.3034 200.385 207.495 10905
290.708 45.2644
245.17 39.04 68.3961 77.671 10898.9
245.98 38.9551 70.4561 82.5742 12037.1
246.723 38.9882 75.4485 87.617 10759.9
247.621 38.9995 90.8099 99.2339 7225.56
248.828 38.9176 116.805 117.893 3612.66
249.867 39.1025
250.737 38.9553
251.704 38.9541 168.242 153.956 4054.01
252.426 38.8347 182.79 169.424 4524.57
253.09 38.8627 199.88 182.405 6016.06
254.166 38.9045
254.851 38.9641
255.753 38.9145
245.392 38.3281 85.9633 97.4093 11777.3
246.031 38.1802 92.3969 103.484 13131.5
246.979 38.2987 98.1812 107.729 12136.1
247.723 38.2108 108.902 118.262 10532.2
248.517 38.2843 122.258 126.409 7379.74
249.289 38.4187 134.883 133.948 4666.24
250.106 38.3862 155.433 145.145 2928.34
250.739 38.2916
251.621 38.1888
252.45 38.3685 190.109 176.769 3090.63
253.244 38.2289 211.022 194.639 3831.85
254.893 38.2315
255.717 38.1474
250.733 45.1221 173.854 158.403 9542.57
255.964 44.1212 254.624 230.646 13467.1
245.151 37.6083 107.724 116.897 10723.9
246.14 37.5808 109.763 120.204 13482.3
246.832 37.7601 109.89 120.447 13141
247.637 37.6761 124.462 130.786 12617
248.404 37.7222 132.908 138.544 9905.33
249.198 37.6354 147.724 149.69 7779.74
250.005 37.6903 158.081 158.643 4659.79
250.863 37.7459 175.561 168.272 3243.81
251.639 37.83
252.208 37.662
253.171 37.7461
253.998 37.7059
254.787 37.6407
255.565 37.6606
254.945 34.5715
255.734 34.5145
254.312 34.1838
254.53 34.1567
254.999 34.1517
255.333 34.1937
255.704 34.2323
256.088 34.2148
256.473 34.2135
254.23 33.9682
254.975 33.8308
255.696 33.8903
256.455 33.893
257.159 33.8774
254.406 33.6042
254.835 33.5975
255.672 33.5995
256.452 33.5806
256.882 33.5044
257.179 33.5385
257.508 33.5662
254.329 33.3102
255.659 33.259
256.402 33.1939
257.166 33.2334
254.184 32.9513
254.485 32.9369
254.82 33.0053
255.381 32.937
255.66 32.9288
256.155 33.0286
256.46 32.9317
256.794 32.9833
257.139 32.8728
257.463 32.9426
254.053 32.7572
254.845 32.6337
255.639 32.654
256.374 32.629
257.095 32.6899
253.936 32.443
254.828 32.3673
255.173 32.488
255.681 32.3766
255.96 32.2837
256.327 32.1712
256.601 32.3554
257.149 32.3691
257.452 32.2888
254.852 31.9694
255.512 32.0937
256.309 31.9895
257.063 32.0119
255.154 31.8029
255.574 31.6996
255.982 31.727
256.264 31.6679
256.605 31.7051
257.23 31.8027
257.412 31.6905
256.263 31.3663
256.365 31.1096
257.013 30.9611
257.323 31.0024
254.048 31.8742
266.785 41.9069
254.499 37.7456 250.536 227.12 3942.82
272.903 40.379
174.103 52.7308
267.196 45.2246
282.112 40.6358
245.285 36.7256 131.924 141.53 10291
246.093 37.0195 125.086 135.144 12507.2
246.916 37.0615 130.591 139.303 13332
247.618 37.0183 140.015 146.395 12942.4
248.494 36.9839 152.274 156.548 12229.2
249.196 36.9969 161.887 164.689 10023.5
250.126 37.1364 172.482 172.981 6571.51
250.975 36.8299 190.961 191.214 5341.02
252.466 36.9914
253.097 37.0138 236.383 215.206 1430.95
253.963 37.0361
254.948 37.0738
255.589 37.1388
249.215 32.3098
276.451 36.5439
245.461 36.4321 140.614 149.942 10873.1
246.035 36.4151 142.346 151.8 12154.7
246.82 36.4182 147.683 155.457 12611.5
247.708 36.428
248.87 36.1428 177.026 180.068 12427.2
249.338 36.5996 172.533 174.709 11045.4
250.13 36.4199 189.121 188.44 9169.11
250.792 36.2925 202.914 200.037 7529.88
251.48 36.3758 210.071 207.401 6207.01
252.342 36.4277
253.145 36.3773
253.808 36.3289
254.722 36.4093
255.592 36.3998
256.256 36.3945
245.149 35.7266 160.166 168.599 10372
246.016 35.8522 157.67 167.038 12084.5
246.895 35.6339 169.212 176.789 12808.5
247.827 35.8191 172.893 178.187 12389.3
249.206 35.6218 195.011 196.087 12621.5
250.067 35.7113 203.722 204.102 11144.6
250.954 35.7147 218.842 214.555 9139.9
251.534 35.7992 222.986 220.021 7529.54
252.362 35.8054 233.171 232.387 4824.37
253.091 35.9138
253.817 35.7452
254.728 35.7259
255.384 35.8383
256.214 35.7964
269.482 32.2185
245.13 35.301 170.961 179.864 10503.9
246.115 35.099 179.155 187.573 12140.6
246.917 35.2127 181.122 188.131 13279
247.733 35.1787 189.162 193.993 13670.2
248.468 35.0951 198.559 201.992 13059.9
249.287 35.0789 208.367 210.139 12756.3
250.264 35.1181 221.894 220.06 11720.9
250.612 35.1118 226.531 224.49 10824.4
251.5 35.1259 238.702 234.803 9338.69
252.352 35.117 250.898 246.377 7517.81
253.133 35.0719 262.98 258.69 6127.85
253.85 35.1605
254.592 35.2106
255.539 35.2177
256.234 35.0891
256.937 35.0637
273.706 38.2289
261.219 34.7379
248.626 35.5169 190.953 192.421 13277.7
272.17 36.1297
246.17 34.5935 193.587 201.176 11380.4
247.109 34.4692 201.785 208.526 13123.4
247.763 34.4866 206.115 212.393 13376.9
248.559 34.4178 217.525 179.489 11870.9
249.194 34.3371 226.704 227.578 13725.2
250.05 34.5293 232.198 231.421 12815.3
250.71 34.4275 244.753 241.312 11915.9
251.502 34.5421 254.255 248.067 11321.3
252.214 34.4457 265.782 259.209 9829.02
252.99 34.5058
253.812 34.581
254.565 34.5646
255.338 34.5271
256.19 34.5508
256.903 34.6469
245.476 33.7503 214.445 221.208 10096.6
246.171 33.8142 214.616 221.224 11009.3
246.995 33.9383 215.267 221.784 12732.2
247.667 33.9535 219.104 225.068 13433.3
248.522 33.8798 229.838 233.306 13791.9
249.156 33.6953 241.313 243.318 13988.1
249.966 33.7776
250.746 33.9571 255.482 252.903 12540.3
251.623 33.9085 270.163 264.158 12470
252.326 34.0087
253.035 33.937
253.079 34.0741
253.079 34.0739
253.945 33.9315
254.564 33.9257
255.307 33.9229
256.175 33.9232
256.837 33.8839
246.343 33.1999 230.845 237.688 11117.8
247.054 33.3627 230.219 236.7 12212.4
247.842 33.2893 238.101 243.244 12913
248.573 33.341 243.257 247.162 13099.6
249.528 33.2969 255.16 256.317 14453.5
249.964 33.0851 264.135 265.528 14098.8
250.734 33.2921
251.408 33.1132
252.329 33.3086
253.036 33.2555
253.768 33.2621
254.635 33.3298
255.283 33.2797
256.02 33.2716
256.785 33.315
