247.187 40.195
242.336 44.6653 139.681 132.504 102551
243.253 44.589 126.95 121.448 93028.5
246.824 42.5452 64.9288 58.3068 41064.4
248.412 42.8321 100.295 90.6377 84520
241.621 41.4483 93.0534 82.468 72970.5
241.123 40.1614 111.647 98.3215 92234
248.498 40.2067 91.0256 83.9281 27889.3
250.876 40.2982 156.215 138.435 71068.9
240.102 39.6785 142.059 126.293 96442.3
247.621 38.9995 99.9735 96.7418 46435
240.549 38.5226 154.404 136.198 77288.6
244.415 38.3489 99.7785 96.4041 47449.3
247.637 37.6761 136.389 131.345 98687.9
245.285 36.7256 150.567 143.003 81953.5
