239.64 39.8666 183.961 150.132 14070.1
242.779 40.4314 81.4151 65.4236 22760
242.694 44.8525 163.291 136.186 25081.7
250.442 42.7667 164.103 147.718 35408.8
242.88 45.2925 174.222 148.023 26273.6
243.732 45.3997 167.277 146.12 27323.1
244.674 45.1285 156.142 134.829 26050.5
245.767 45.0931 150.892 134.286 29312.6
246.54 45.2432 162.058 143.038 31474.9
247.511 45.166 167.083 148.919 29972.1
241.33 44.5191 177.149 145.801 13928.6
242.336 44.6653 166.096 135.784 21769.8
243.253 44.589 143.428 122.813 28847.3
243.987 44.7035 142.912 122.139 25529
245.145 44.5494 128.936 115.227 25371.4
245.745 44.5642 130.256 116.694 32341.5
246.633 44.6165 138.084 123.471 26276
247.356 44.6173 146.053 130.438 28909.5
248.752 44.7038 167.769 151.057 27576.5
245.586 43.5625 90.5897 82.5921 27860
240.496 44.082 183.35 151.327 28570.2
241.431 43.9104 158.334 129.8 26404.5
242.259 43.9733 144.973 117.179 14378.7
243.197 44.086 131.711 109.233 23053.5
244.042 43.9121 113.316 112.099 25473.3
244.867 43.7945 103.489 104.965 22860.9
245.883 43.9146 105.077 95.6974 27630.4
246.548 43.9286 112.72 100.958 29148.3
247.515 43.9997 126.188 113.621 25638.9
248.513 43.8756 137.253 109.403 18524.7
249.424 43.92 157.982 143.614 25760.2
239.847 43.2515 184.696 150.185 21355.8
240.689 43.3736 164.937 134.06 17696.4
241.526 43.358 144.228 116.574 21564.5
242.246 43.3471 127.129 102.854 22019.5
243.233 43.4275 111.31 104.741 14265.6
244.172 43.4151 94.0813 95.4156 25053.3
244.902 43.25 80.749 71.1304 20212.9
245.826 43.3979 85.3224 78.3164 26154.7
246.482 43.3234 90.8033 81.5 27914.3
247.567 43.3998 110.027 98.2321 19156.7
248.388 43.2741 120.666 110.086 22060.4
249.288 43.3629 146.745 130.244 15978
249.98 43.2112 161.081 142.995 34579.5
240.753 42.6912 150.777 121.545 20673
241.514 42.7308 131.543 104.903 22160.7
242.275 42.6996 111.102 88.0208 21086.6
243.13 42.7779 94.232 89.9615 20085.8
243.968 42.7713 77.6029 77.2977 19326.9
245.916 42.6493 61.2981 55.1185 23954.7
248.412 42.8321 114.557 102.149 28630
249.08 42.7507 128.679 115.286 32615.2
249.958 42.6372 147.541 133.61 33628.5
240.66 42.0187 147.821 117.581 25715
241.656 42.1901 120.04 93.964 22507.9
242.333 42.0192 98.1509 76.2633 21000.5
243.529 42.0773 68.5584 67.295 21691.6
244.246 42.1669 55.928 56.3998 20041.5
244.984 42.146 46.5907 33.4189 17531.9
248.568 42.0149 104.705 94.1839 25122.8
249.127 42.0995 118.848 92.3634 34924
249.964 41.9243 140.959 127.666 27525.5
250.643 42.1012 162.493 146.419 31885.8
240.829 41.3884 138.228 109.967 23386.6
241.621 41.4483 116.721 89.8918 21591
242.55 41.423 87.0562 82.2929 21843.9
243.46 41.522 62.6864 44.7547 24048.9
244.209 41.4311 43.2466 25.0207 13212.1
249.334 41.4729 120.702 110.653 29100.2
249.933 41.4272 137.087 125.743 25192
250.843 41.5047 168.25 133.336 23880.9
239.398 40.3453 181.288 150.066 18435.9
239.603 40.1808 179.611 145.917 18812.1
239.812 40.025 175.893 141.926 18792.9
239.775 39.6502 180.699 147.324 13325.8
239.959 39.4725 180.025 145.983 13727.8
240.165 40.7484 157.13 128.001 17805
241.029 40.7797 131.474 105.628 17718.9
241.866 40.7811 107.525 84.867 22580.4
242.476 40.852 88.8449 84.4845 19517.9
250.327 40.9763 143.664 137.129 24461.8
250.823 40.8936 157.231 149.584 25185.4
240.173 40.165 162.914 131.806 16253
241.123 40.1614 133.515 107.973 16109.3
241.845 40.2903 112.284 89.1591 17799
242.81 40.1697 84.3098 68.6936 20836.7
250.876 40.2982 170.096 154.272 22191.5
240.102 39.6785 171.101 139.114 11976
241.111 39.5399 146.175 118.212 15693.8
241.92 39.6946 117.82 97.3235 20836
242.861 39.5516 96.8673 81.2914 21607.1
243.536 39.6202 81.023 67.8646 22111.4
249.754 39.6279 143.942 117.715 23639.5
241.192 38.9383 150.454 128.054 24620.3
242.068 38.8606 132.045 112.882 23321.4
242.818 38.834 117.25 101.243 22938.1
243.6 38.8247 104.487 90.2406 24229.6
244.346 38.8455 96.11 82.3491 21508.9
245.17 39.04 89.1415 72.9819 21800.6
245.98 38.9551 96.9643 78.4834 14805.5
248.828 38.9176 136.109 124.454 19390.5
249.867 39.1025 154.804 143.74 26029.1
240.549 38.5226 177.91 150.597 30645.6
241.894 38.3489 150.436 129.351 28133.1
242.928 38.2397 134.694 116.449 28140.1
243.698 38.2886 121.212 105.529 21794.7
244.415 38.3489 114.519 98.1767 23343.2
248.517 38.2843 147.625 117.472 15780
249.289 38.4187 157.347 128.438 20565.2
242.775 37.7243 155.618 133.841 27205.3
243.405 37.923 137.634 120.146 25503.3
244.253 37.6444 144.65 121.975 25045.5
245.151 37.6083 141.644 121.253 20297.4
247.637 37.6761 149.378 122.676 18598.6
248.404 37.7222 159.83 131.975 23097.1
244.78 37.2408 157.052 133.426 24333.2
245.285 36.7256 177.484 150.088 20083
246.093 37.0195 167.607 143.516 14828
243.751 36.9488 178.491 139.323 0.480568
243.86 44.932 149.708 130.399 21055.5
243.601 44.991 152.948 133.357 26083
243.336 45.045 158.837 136.557 23668.5
242.966 45.164 168.671 143.376 23296.2
242.494 44.8448 167.766 138.556 22840.6
242.076 44.538 167.439 136.607 19717.5
240.241 39.3104 172.014 141.958 19915.1
241.363 42.4339 131.054 103.569 21927.5
