242.895 32.8889 259.321 233.109 2361.98
246.233 32.7683 276.515 243.17 3105.04
247.117 32.7513 271.414 244.489 5196.22
247.772 32.7006 283.07 250.799 6596.95
248.296 32.5618 293.43 259.002 6812.73
239.616 49.048 295.428 253.706 6405.8
240.728 48.9534 286.274 241.422 7203.35
241.415 48.9752 286.402 237.944 6643.31
242.441 48.9813 279.356 231.772 3773.26
244.347 48.9339 287.799 227.105 2628.96
245.587 48.933 284.635 228.716 2692.18
250.154 48.9198 324.68 255 1593.03
236.405 44.4104 253.263 211.271 10741.8
241.17 35.1269 223.756 211.656 2788.66
238.516 48.5183 294.166 252.307 9034.57
239.88 48.4607 278.324 235.786 6422.78
240.667 48.3584 268.502 226.166 7169.26
241.851 48.4226 268.262 219.872 5756.86
242.775 48.2995 260.516 210.738 3709.31
243.633 48.4366 257.888 211.877 2320.05
244.411 48.4694 278.497 214.287 3408.75
245.532 48.3739 260.758 214.718 2867.96
250.223 48.3943 314.122 243.006 1695.11
239.64 39.8666 156.984 125.772 4239.42
242.779 40.4314 101.683 49.7205 3389.48
242.694 44.8525 147.265 114.909 7806.87
250.442 42.7667 137.388 143.725 5487.4
238.311 47.6947 273.376 235.799 9707.19
239.106 47.923 271.768 231.005 8816.17
239.939 47.6902 255.606 216.035 6735.67
240.955 47.7849 248.724 208.706 6462.7
241.726 47.8006 246.267 203.175 5619.5
242.692 47.8192 241.387 197.654 3544.11
245.426 47.6795 241.691 193.106 3051.63
246.253 47.7687 244.412 200.576 2956.16
239.613 38.0345 203.707 153.28 1931.86
236.695 44.5855 247.709 207.294 10715.1
237.197 47.1109 280.577 239.811 11181.7
238.011 47.1881 267.216 229.534 11237.4
239.156 47.1935 247.968 212.855 8529.64
240.027 47.1936 241.203 202.832 6584.66
241.079 47.0573 224.288 188.108 6632.64
241.691 47.0615 223.503 183.352 6073.85
242.724 47.0547 222.097 175.605 3968.24
243.665 47.0477 216.553 169.977 2852.17
245.541 47.0943 223.831 177 3010.65
236.437 46.5459 284.119 241.347 9892.48
239.021 46.5433 231.836 200.507 8845.44
240.145 46.5585 217.697 185.682 8376.99
240.94 46.4911 208.231 174.748 7945.55
241.854 46.5139 204.782 167.14 7357.87
242.89 46.485 199.532 157.575 4299.17
248.324 46.5336 231.303 177.076 2199.3
250.245 48.024 294.435 232.829 2053.97
236.441 45.9306 272.092 230.983 11465.2
237.581 45.9325 246.673 211.381 12009.5
239.218 45.7664 212.256 180.816 9009.36
240.072 45.8951 203.618 171.423 9053.73
241.223 45.7971 185.467 154.453 8972.19
242.091 45.7087 175.66 143.364 7961.06
242.772 45.9734 178.568 144.623 6372.82
250.284 45.9046 187.91 199.431 2509.35
236.363 45.0404 261.669 219.827 11189.1
237.539 44.407 224.42 188.219 11763
237.937 47.8634 282.174 244.304 10032.9
237.354 47.8872 296.307 253.283 8185.77
237.421 47.4009 280.344 241.939 9648.45
237.148 46.6619 273.201 232.29 11107.1
236.824 46.0753 265.116 226.614 11129.1
236.784 45.8811 263.221 224.133 11426.1
237.541 45.7151 244.184 208.203 11108.4
236.711 45.296 257.018 216.735 10657.5
236.927 44.8384 245.224 206.043 10975.2
236.98 44.1399 234.663 196.086 10380.1
237.553 43.7824 217.268 180.314 11350.4
236.651 43.6971 238.54 198.199 12245.2
236.193 43.5362 246.277 205.945 10691.9
235.94 42.9094 248.491 206.727 9796.56
236.628 42.7859 232.164 190.904 10131.8
235.934 42.5575 249.851 207.547 9422.53
237.173 42.2556 215.439 176.352 10386
237.522 45.2059 236.541 200.053 11369.8
238.683 45.2422 212.73 179.499 10772.5
239.365 45.2357 199.612 167.727 10864.3
240.331 45.2664 184.365 153.801 11073.2
241.04 45.2904 174.784 144.924 10786.8
242.22 45.2781 161.366 131.332 8843.91
242.88 45.2925 157.214 125.437 6745.56
243.732 45.3997 161.25 123.521 4833.73
250.437 45.3171 177.763 188.018 3031.77
245.173 33.0515 273.956 237.358 2058.95
242.634 36.9961 139.993 143.17 3279.82
237.814 44.6837 222.168 186.93 12415.5
239.665 44.7344 183.474 153.742 11546.6
240.435 44.5913 167.806 138.418 10668.7
241.33 44.5191 153.467 123.419 10088.7
242.336 44.6653 143.082 113.524 8992.21
243.253 44.589 135.527 102.33 6189.07
243.987 44.7035 136.546 101.585 4515.95
240.467 46.3925 208.817 177.408 8732.22
243.665 34.8294 185.967 202.681 1974.8
237.043 42.6071 221.002 180.595 9309.25
239.789 43.9437 166.599 137.636 10618.4
240.496 44.082 156.282 127.364 10931
241.431 43.9104 136.144 107.831 9939.78
242.259 43.9733 123.664 97.117 9910.93
244.042 43.9121 106.472 108.435 4659.64
244.867 43.7945 105.518 102.585 2183.22
248.513 43.8756 102.581 94.8166 3215.77
249.424 43.92 127.239 139.541 4177.63
250.183 43.7013 145.408 119.637 3870.89
241.526 35.6628 205.49 192.312 2569.49
254.387 39.7997 253.24 209.086 13722.2
239.847 43.2515 156.13 126.015 11238.2
240.689 43.3736 140.044 110.689 10051.3
241.526 43.358 119.532 94.9248 11311.3
242.246 43.3471 106.929 83.3846 11101.7
243.233 43.4275 97.3571 101.926 9366.55
244.172 43.4151 94.7194 93.2148 4446
249.98 43.2112 129.279 138.64 5272.43
239.107 42.7258 165.332 135.734 10656.8
240.753 42.6912 124.781 98.984 10395.7
241.514 42.7308 107.156 84.8641 13042.6
242.275 42.6996 95.6737 70.4158 11111.4
243.13 42.7779 86.1084 87.197 8444.77
243.968 42.7713 73.8667 74.5246 6452.51
249.08 42.7507 104.403 115.424 6521.32
249.958 42.6372 122.989 132.081 6506.57
251.153 42.8247 158.555 159.789 6315.55
251.658 42.6579 171.695 170.071 7925.63
240.66 42.0187 119.237 94.5543 10115.6
241.656 42.1901 98.4137 75.2861 11681.3
242.333 42.0192 86.779 59.0266 8743.56
243.529 42.0773 57.3557 63.8833 13128.4
244.246 42.1669 46.7163 54.7879 14015.2
249.964 41.9243 118.198 127.14 7933.49
250.643 42.1012 141.739 143.356 7672.73
251.66 42.0073 167.63 165.806 8957.15
252.63 41.9641 191.997 187.322 6478.97
253.566 42.031 221.73 208.829 5930.51
253.777 46.6885 275.543 265.739 3324.15
240.934 34.1082 257.497 240.418 2833.62
240.829 41.3884 110.092 88.1805 8243.01
242.55 41.423 78.3756 78.8429 6802.84
245.085 41.4157 83.7534 4.03606 3265.8
249.334 41.4729 102.359 112.674 9792.08
249.933 41.4272 115.48 125.332 9250.52
250.843 41.5047 147.284 116.586 6144.84
251.814 41.4906 174.17 169.696 8032.9
252.637 41.6067 195.834 188.314 7377.27
253.404 41.4033 214.763 206.151 7774.13
236.17 44.0035 251.539 210.905 11582.6
237.12 38.1448 247.016 199.111 3082.92
236.597 41.7752 232.459 188.401 11186.4
237.663 41.6898 197.944 162.598 9623.04
236.119 41.702 244.29 198.296 8691.02
236.486 41.355 234.278 189.195 8489.64
237.948 41.526 190.32 156.395 8678.14
238.305 41.342 177.529 147.585 6841.45
236.695 40.222 232.762 187.952 7088.49
237.274 41.086 213.997 172.071 8816.61
237.538 40.9591 210.326 166.332 6292.6
238.63 41.056 171.076 139.948 5904.28
237.502 40.104 209.455 170.233 6140.31
237.082 40.764 221.511 176.545 7350.93
238.104 41.006 189.066 152.657 6377.49
238.316 40.81 186.318 149.321 7165.41
237.913 40.577 197.477 158.275 7004.94
238.978 40.729 168.787 133.704 7078.28
238.198 40.295 192.845 154.24 7529.12
236.845 40.453 226.087 182.478 7152.99
236.859 41.142 228.763 181.625 8009.77
236.435 40.843 236.119 191.77 7316.75
236.053 40.722 245.045 201.046 5785.91
236.141 40.5907 241.514 199.574 6448.01
236.198 40.483 240.903 198.477 6390.95
235.873 40.483 246.109 233.314 5244.12
236.252 40.483 238.007 197.223 6710.44
236.346 40.285 235.885 195.283 6632.22
236.497 40.101 236.078 192.778 6065.92
236.406 40.1882 236.059 194.021 6351.71
236.727 39.7145 237.849 192.585 4358.36
236.825 39.5703 232.756 191.947 4879.28
236.813 39.4928 233.251 193.351 4718.68
237.04 39.4666 229.947 216.115 4368.2
237.032 39.196 231.412 191.251 3896.32
237.189 39.1124 225.509 186.621 3461.17
236.281 39.8633 249.722 199.885 4458.67
236.525 39.622 241.824 198.452 5166.31
236.622 39.0132 240.495 201.805 5272.17
237.704 39.532 210.739 170.305 4073.11
237.478 39.3154 211.321 176.805 4741.67
237.845 39.2751 209.427 169.593 4963.49
237.858 39.0049 205.967 170.669 3927.87
239.398 40.3453 160.384 126.244 6009.22
238.828 40.1096 176.931 140.652 5550.2
238.473 39.719 182.813 150.797 5148.69
239.603 40.1808 154.341 121.824 5608.69
239.812 40.025 151.594 118.352 6061.56
239.359 40.0112 162.428 130.161 5764.5
239.286 39.8043 165.78 133.205 6236.31
238.837 39.3837 183.301 147.415 4908.9
239.775 39.6502 155.035 123.038 4328.67
239.959 39.4725 156.885 121.575 4860.91
239.845 39.0516 175.987 129.943 3100.26
243.578 32.892 254.824 259.491 1574.16
242.805 33.6 238.455 213.299 2211.16
251.501 37.2103 213.751 179.938 11450.2
240.165 40.7484 137.486 104.906 5878.5
241.866 40.7811 93.1878 67.1345 5902.68
242.476 40.852 84.5153 82.9415 4554.14
249.167 40.9425 100.991 110.507 10178.8
250.327 40.9763 134.978 136.587 10179
250.823 40.8936 149.405 148.216 10597.4
251.737 40.8338 174.425 169.741 11152.9
252.48 40.76 191.866 186.855 10784.2
253.546 40.8023 224.775 212.236 9896.08
242.877 48.2642 257.737 209.134 3440.47
236.131 47.3917 305.58 262.506 11029.6
240.173 40.165 140.5 108.595 5133.73
241.123 40.1614 115.312 87.6907 4775.26
241.845 40.2903 97.4193 72.0543 5128.8
242.81 40.1697 88.0662 53.7311 2961.75
248.498 40.2067 93.5515 100.668 11971.9
249.262 40.1948 107.821 117.902 11889.7
249.992 40.2655 126.949 133.594 10757.6
250.876 40.2982 155.982 153.929 10556.5
251.758 40.1348 181.4 175.165 11557.9
252.53 40.2149 199.425 192.341 12160.8
241.276 34.6145 239.443 223.272 3028.79
240.102 39.6785 152.357 117.295 5161.25
241.92 39.6946 104.384 78.5803 3475.56
247.721 39.5708 88.3927 65.0595 9494.01
249.26 39.473 118.179 126.462 13340.1
251.019 39.6333 165.414 162.949 11511.7
251.609 39.4998 180.92 177.268 12412.3
252.551 39.524 208.491 169.409 12802.4
245.858 34.3034 230.765 195.968 2241.8
245.98 38.9551 94.965 60.5955 3257.39
246.723 38.9882 87.0492 63.4566 6252.09
247.621 38.9995 95.5718 75.7373 11369.4
248.828 38.9176 118.408 127.693 12220.8
249.867 39.1025 142.365 144.219 11800.4
250.737 38.9553 165.67 134.422 11840.4
251.704 38.9541 188.491 155.086 11352
252.426 38.8347 208.103 173.102 12761.7
253.09 38.8627 227.029 188.489 14704.1
247.723 38.2108 112.951 95.7486 14754.7
248.517 38.2843 128.248 106.057 12214.3
249.289 38.4187 143.705 115.937 11507.8
250.106 38.3862 159.691 131.04 10909.4
250.739 38.2916 175.39 144.929 11202.3
251.621 38.1888 199.27 163.921 11729
252.45 38.3685 215.85 179.444 11463.7
253.244 38.2289 239.365 199.847 13334.3
250.733 45.1221 180.506 187.965 3263.93
255.964 44.1212 289.397 272.785 829.416
247.637 37.6761 134.324 109.121 10342.2
248.404 37.7222 142.668 118.07 12943.2
249.198 37.6354 159.424 132.02 12564.2
250.005 37.6903 172.909 143.528 11068.2
250.863 37.7459 187.257 157.169 10678.2
241.453 32.9799 268.648 268.419 1353.77
254.499 37.7456 281.004 234.774 11767.8
240.476 33.2479 291.814 267.694 2183.55
244.2 32.9451 307.247 244.885 1425.45
245.285 36.7256 191.137 123.267 1997.58
246.093 37.0195 153.636 116.204 3709.88
247.618 37.0183 157.451 127.117 7801.38
248.494 36.9839 165.071 137.914 11467.9
249.196 36.9969 173.863 147.042 12249.2
250.126 37.1364 189.658 157.761 11868.3
250.975 36.8299 212.757 178.74 11963.6
253.097 37.0138 256.008 215.302 11915.8
236 44.6764 263.987 221.974 10651
245.461 36.4321 174.322 133.449 1991.61
248.87 36.1428 194.033 164.353 10732.2
249.338 36.5996 186.64 158.895 12060.3
250.13 36.4199 207.339 174.739 13345.1
250.792 36.2925 222.747 187.992 13416.1
251.48 36.3758 233.737 197.317 12741.3
245.149 35.7266 203.683 155.66 2156
246.895 35.6339 188.737 161.854 7174.7
247.827 35.8191 194.475 163.623 7018.8
249.206 35.6218 214.055 182.436 9839.6
250.067 35.7113 223.611 191.441 13113.9
250.954 35.7147 238.835 204.199 13783.4
251.534 35.7992 249.14 211.141 13519
252.362 35.8054 266.023 224.75 12123
240.915 35.8409 215.565 194.068 2283.69
243.86 44.932 145.224 108.735 3811.3
243.601 44.991 149.944 112.114 4713.81
243.336 45.045 149.413 115.426 6334.29
242.966 45.164 153.479 121.128 7064.04
242.641 45.427 163.205 131.188 7519.17
242.193 45.504 168.197 137.087 8587.82
242.319 45.64 169.351 139.173 7626.17
242.452 45.805 176.935 142.811 5848.03
245.13 35.301 218.388 169.041 2338.31
242.536 45.953 182.573 146.43 6347.28
246.115 35.099 198.619 172.141 5019.43
246.917 35.2127 203.517 173.798 7556.67
242.501 46.269 194.584 155.335 5877.08
247.733 35.1787 215.71 181.407 7665.51
248.468 35.0951 224.105 189.9 8283.77
242.356 46.512 205.487 162.728 5823.07
249.287 35.0789 230.002 198.748 9278.58
242.281 46.62 208.697 166.308 5756.72
250.264 35.1181 241.623 208.688 13064.5
250.612 35.1118 247.977 213.326 13967.4
242.494 44.8448 147.473 116.573 8158.71
251.5 35.1259 265.472 226.423 14311.4
242.076 44.538 142.492 113.27 9433.2
252.352 35.117 282.142 240.369 13558.8
253.133 35.0719 296.668 254.522 11544.7
240.241 39.3104 158.151 119.427 4239.98
237.459 40.5799 209.122 168.45 6841.27
248.626 35.5169 210.803 178.979 7969.35
241.363 42.4339 105.879 83.8478 12574.1
246.17 34.5935 212.886 186.976 4060.77
247.109 34.4692 225.055 195.926 7493.23
247.763 34.4866 235.986 201.084 8164.55
248.559 34.4178 247.048 210.497 8445.49
249.194 34.3371 253.63 218.936 9605.34
250.05 34.5293 256.029 222.327 10987.6
250.71 34.4275 268.06 232.473 11717.4
251.502 34.5421 280.352 240.671 14224.8
252.214 34.4457 296.624 253.937 14354.5
245.476 33.7503 259.836 215.049 1873.22
246.171 33.8142 237.62 211.194 2946.82
246.995 33.9383 238.292 210.541 5504.94
247.667 33.9535 247.692 214.979 6560.66
249.156 33.6953 274.122 235.894 7383.52
250.746 33.9571 282.303 245.716 12544
251.623 33.9085 298.618 258.43 13907.6
235.907 44.2982 260.605 219.103 10286
247.054 33.3627 254.22 227.089 6031.99
247.842 33.2893 269.125 235.444 6523.44
248.573 33.341 280.808 240.625 7473.39
249.528 33.2969 292.501 250.873 7271.9
249.964 33.0851 299.4 261.047 7325.32
