242.895 32.8889 323.991 289.238 64155.8
245.42 32.5356 336.662 306.008 163085
246.233 32.7683 323.1 298.063 131335
247.117 32.7513 325.474 292.099 151612
248.296 32.5618 336.321 304.029 73885
249.261 32.5716 347.962 313.754 119502
250.03 32.6399 354.19 320.887 99249.8
250.697 32.7663 361.799 326.083 128500
251.367 32.5466 383.07 343.534 226886
252.215 32.5324 396.44 357.213 279670
252.999 32.6995 402.731 364.677 176799
247.189 31.9559 357.379 319.43 189305
248.543 32.0022 360.499 324.85 75133.4
249.184 31.7748 375.426 338.965 79265.8
249.954 31.9737 375.081 341.084 146757
250.741 31.9989 387.328 350.673 67312.4
251.473 31.9041 406.593 364.789 177867
252.222 32.0094 415.467 373.348 377848
252.899 32.1046 422.406 381.109 249164
250.009 31.439 395.344 358.915 167228
250.719 31.3757 409.991 370.331 119040
251.472 31.3369 423.132 382.646 91394.7
237.915 48.9983 364.825 329.374 141461
238.52 49.0983 357.909 322.51 187161
239.616 49.048 343.321 307.565 82627.1
240.728 48.9534 330.65 296.006 45839.7
241.415 48.9752 307.79 284.363 60114.6
242.441 48.9813 299.758 277.96 109826
243.637 48.958 296.405 274.679 154933
244.347 48.9339 291.745 273.126 248364
245.587 48.933 289.413 274.228 103793
246.578 48.9725 299.482 277.872 158050
247.267 48.9777 302.911 280.684 164487
248.403 48.9482 307.358 285.735 135342
249.301 48.9448 317.225 292.382 170733
250.154 48.9198 324.627 299.498 131264
276.343 42.3012 893.348 811.294 652546
277.018 40.2319 914.64 836.537 418597
242.566 34.5505 270.639 248.146 83088.2
264.138 48.2977 593.279 533.23 681440
236.405 44.4104 290.112 260.836 136571
258.319 34.8837 458.963 429.538 220536
253.543 34.946 355.655 314.585 1.67704e+06
241.17 35.1269 259.196 243.814 76526.6
238.516 48.5183 341.137 307.765 86904.3
239.88 48.4607 320.176 287.123 109490
240.667 48.3584 312.366 277.507 44000.1
241.851 48.4226 285.985 263.466 76941.7
242.775 48.2995 274.475 253.78 106105
243.633 48.4366 278.161 256.823 156568
244.411 48.4694 276.034 257.671 233230
245.532 48.3739 269.515 254.139 62809
246.727 48.3609 276.355 257.209 146299
247.438 48.3129 281.9 259.731 155814
248.293 48.4128 288.338 267.728 118563
249.201 48.2921 293.532 271.093 148444
250.223 48.3943 307.175 284.028 111218
243.079 34.2623 276.352 253.364 88657
244.546 33.6552 293.348 268.23 145278
239.64 39.8666 176.939 161.232 42579.3
244.002 34.0006 277.814 256.879 42345.3
242.341 34.2388 281.382 260.238 74032.4
284.014 42.1993 1089.71 990.291 2.05928e+06
279.58 37.2113 1018.55 931.465 1.14802e+06
242.779 40.4314 77.42 71.8476 26328.9
242.694 44.8525 166.656 146.896 85770.6
248.37 45.597 195.67 179.196 104098
272.949 31.1687 985.135 873.251 601822
250.442 42.7667 177.044 156.559 159285
238.311 47.6947 332.361 291.191 215112
239.106 47.923 316.646 283.298 125242
239.939 47.6902 297.879 265.773 131722
240.955 47.7849 290.823 257.036 51041.5
241.726 47.8006 264.352 244.133 43830
242.692 47.8192 258.829 238.518 115232
244.525 47.7092 248.069 231.416 212643
245.426 47.6795 244.637 230.165 73095.5
246.253 47.7687 252.398 235.282 127786
247.393 47.775 262.841 242.102 123798
248.254 47.8012 268.28 248.038 134877
249.237 47.6327 271.66 251.035 112471
260.263 38.814 488.05 427.168 321671
282.627 38.2046 1089.34 996.691 2.33094e+06
268.755 38.0557 716.89 648.735 211696
241.585 33.4019 327.075 297.123 75222
239.613 38.0345 208.988 191.356 59363.4
282.11 35.2393 1114.13 1018.84 2.35845e+06
212.138 64.8736 1144.93 1040.54 49289.3
236.695 44.5855 283.912 256.004 108484
241.92 36.4399 209.937 193.686 79693.9
237.197 47.1109 312.486 290.629 46166.8
238.011 47.1881 311.393 279.313 47650.6
239.156 47.1935 307.166 266.306 204353
240.027 47.1936 284.301 251.125 187156
241.079 47.0573 262.372 233.315 140646
241.691 47.0615 246.102 226.359 28868.4
242.724 47.0547 230.551 213.075 83129.1
243.665 47.0477 225.973 208.805 123543
245.541 47.0943 225.746 210.134 92827.6
246.494 47.0816 230.589 213.076 147152
247.48 47.0418 236.071 217.694 122461
248.451 47.0308 243.588 225.369 121933
249.313 47.1523 257.35 237.173 111797
250.198 47.1961 274.507 250.567 108343
244.619 34.6375 251.559 233.135 100536
241.666 34.2535 289.058 266.391 80048.6
255.804 48.4702 406.168 371.051 3.21706e+06
247.187 40.195 75.1925 67.8667 142912
243.899 32.6591 330.262 303.872 31500.1
278.567 28.1103 1174.82 1062.92 468456
236.437 46.5459 324.567 292.928 111086
239.021 46.5433 275.555 247.79 69849.4
240.145 46.5585 263.092 232.312 174765
240.94 46.4911 244.002 217.803 173281
241.854 46.5139 237.544 209.023 49653.5
242.89 46.485 209.483 193.247 71794.5
243.791 46.3559 201.268 185.376 112768
245.812 46.4423 202.69 187.816 109316
246.507 46.4162 204.95 190.354 105999
247.359 46.4246 213.78 196.201 124698
248.324 46.5336 225.403 207.81 113740
249.142 46.462 235.673 215.111 109546
250.086 46.5663 252.361 230.627 120816
263.386 43.7337 539.908 484.392 97819.9
242.006 34.8811 263.978 242.559 88730.4
218.842 64.7774 1064.25 965.511 492774
250.245 48.024 294.866 273.403 76993.4
280.011 42.1175 991.362 901.703 437236
268.505 47.9462 709.683 626.402 292518
236.441 45.9306 313.385 282.644 252841
237.581 45.9325 286.704 258.558 148593
239.218 45.7664 242.847 223.235 61046.2
240.072 45.8951 235.317 213.881 165169
241.223 45.7971 215.31 193.439 173730
242.091 45.7087 199.406 179.779 106174
242.772 45.9734 191.944 177.932 53631.4
243.845 45.8883 184.722 169.893 117123
244.745 45.7565 178.447 164.163 127150
245.668 45.7893 178.819 165.118 119939
246.63 45.8122 184.121 170.271 112813
247.507 45.8409 192.963 178.02 112499
248.374 45.7843 201.555 184.849 110719
249.341 45.9054 220.901 201.449 102003
250.284 45.9046 233.508 213.481 76628.6
236.363 45.0404 298.883 270.046 113466
237.539 44.407 260.208 234.092 123324
237.937 47.8634 344.657 301.459 170971
237.354 47.8872 369.191 315.189 88551.2
237.421 47.4009 324.901 295.705 40968.9
237.148 46.6619 310.601 283.132 54491.3
236.824 46.0753 307.338 276.803 155059
236.784 45.8811 306.031 274.624 192524
237.541 45.7151 285.322 255.773 194880
236.711 45.296 292.966 265.958 118241
236.927 44.8384 282.185 254.264 124032
236.98 44.1399 269.892 243.241 87591.1
237.553 43.7824 251.708 225.949 103654
236.651 43.6971 271.517 246.148 108138
236.193 43.5362 282.702 256.114 119245
235.94 42.9094 286.131 258.188 170270
236.628 42.7859 263.719 238.695 133927
235.934 42.5575 285.675 258.482 128486
237.173 42.2556 245.842 220.993 81743
241.706 33.7126 313.902 285.498 74452.6
243.137 36.4672 192.985 177.781 82634.7
237.522 45.2059 273.216 246.889 180185
238.683 45.2422 248.733 222.951 178104
239.365 45.2357 232.442 208.862 123443
240.331 45.2664 206.454 191.628 70295.4
241.04 45.2904 195.505 181.397 87620.6
242.22 45.2781 184.736 165.271 113874
242.88 45.2925 167.264 156.124 15188.5
243.732 45.3997 168.001 153.858 114856
244.674 45.1285 155.159 142.753 119924
245.767 45.0931 153.232 141.353 108451
246.54 45.2432 162.63 150.158 113994
247.511 45.166 170.144 156.206 105930
248.195 45.2285 182.372 165.98 92717.5
249.26 45.3212 200.104 183.121 94312.4
250.437 45.3171 222.494 204.615 40166.3
245.173 33.0515 315.552 287.806 149287
275.383 44.8245 849.556 771.197 526529
244.34 34.7846 246.467 228.387 66924.9
276.533 33.4112 988.51 902.121 4.25772e+06
242.634 36.9961 180.223 166.347 63768.4
243.194 35.3018 237.767 217.748 91507
237.814 44.6837 255.295 231.786 106234
239.665 44.7344 214.937 193.031 166286
240.435 44.5913 193.797 174.153 123452
241.33 44.5191 171.509 155.76 51019
242.336 44.6653 162.712 145.725 154498
243.253 44.589 143.706 129.959 32847.2
243.987 44.7035 142.677 129.388 114401
245.145 44.5494 132.546 121.221 92051.7
245.745 44.5642 132.933 122.531 89397.4
246.633 44.6165 140.852 129.439 105259
247.356 44.6173 149.878 137.083 96204.9
248.752 44.7038 175.042 158.531 108082
240.467 46.3925 250.972 222.263 183018
270.706 40.5559 741.401 676.705 256014
243.665 34.8294 245.719 228.702 46486.4
264.162 29.9618 754.013 681.605 789996
245.586 43.5625 94.205 86.4605 95671
237.043 42.6071 253.678 227.124 108902
239.789 43.9437 192.419 174.531 112805
240.496 44.082 179.457 161.947 166446
241.431 43.9104 154.371 139.08 116810
242.259 43.9733 139.085 125.407 80646.2
243.197 44.086 132.487 117.103 70526.5
244.042 43.9121 113.484 112.072 87350
244.867 43.7945 103.308 104.089 74138.6
245.883 43.9146 109.447 100.094 88176.2
246.548 43.9286 116.344 106.007 92166.5
247.515 43.9997 132.845 119.591 88315.8
248.513 43.8756 144.385 121.735 60777.9
249.424 43.92 164.111 150.471 84506.4
250.183 43.7013 178.929 154.117 111976
244.855 34.1574 272.299 249.563 141189
241.526 35.6628 238.973 222.538 68820.3
254.387 39.7997 298.071 252.095 124938
239.847 43.2515 178.086 160.963 98801.1
240.689 43.3736 157.239 143.023 99942.1
241.526 43.358 138.001 124.761 138465
242.246 43.3471 122.368 110.081 117840
243.233 43.4275 106.207 105.739 79651.6
244.172 43.4151 93.5238 94.408 106244
244.902 43.25 81.7306 74.9193 69516.5
245.826 43.3979 89.3007 82.0784 91168
246.482 43.3234 94.7275 85.6505 84175.3
247.567 43.3998 113.411 103.156 61878.6
248.388 43.2741 128.08 115.55 111479
249.288 43.3629 151 137.418 56605.8
249.98 43.2112 169.424 151.772 162721
260.198 30.4794 616.359 568.516 243581
269.752 42.9142 707.237 646.19 411581
239.107 42.7258 191.153 173.69 111085
240.753 42.6912 145.693 130.677 111984
241.514 42.7308 125.113 112.524 103910
242.275 42.6996 105.281 94.6794 108430
243.13 42.7779 87.7266 89.649 114395
243.968 42.7713 73.5427 76.0737 68098.5
245.097 42.636 57.9524 53.2554 88267.1
245.916 42.6493 64.0485 58.0046 76944.3
246.824 42.5452 74.6514 67.9485 62590.5
247.469 42.6852 91.1827 84.0015 114503
248.412 42.8321 119.372 107.927 133677
249.08 42.7507 134.383 121.737 128368
249.958 42.6372 158.797 141.627 174646
251.153 42.8247 195.806 173.703 140906
251.658 42.6579 208.742 185.718 138849
207.417 57.7828 1270.39 1034.84 112487
263.391 39.1009 566.426 505.299 413119
262.107 27.5459 852.403 724.417 1.67336e+06
240.66 42.0187 141.778 127.056 114271
241.656 42.1901 113.854 101.824 106410
242.333 42.0192 93.4734 82.9487 100009
243.529 42.0773 63.543 65.9993 106057
244.246 42.1669 49.6548 54.3391 66323.3
244.984 42.146 40.6087 36.14 79011.1
246.056 42.0886 46.9494 42.815 73197.7
246.76 42.0343 60.2835 55.167 88187.8
247.614 42.0041 81.8035 74.9107 138648
248.568 42.0149 109.882 99.1738 121245
249.127 42.0995 128.048 104.604 128601
249.964 41.9243 153.619 135.736 158286
250.643 42.1012 176.504 155.507 206688
251.66 42.0073 210.72 183.11 258263
252.63 41.9641 240.123 210.028 95572.3
253.566 42.031 272.537 235.887 255419
253.777 46.6885 319.579 295.166 33950.8
288.074 44.2401 1172.58 1062.66 647572
240.934 34.1082 309.632 282.189 100717
285.417 44.6197 1114.3 997.762 633749
240.829 41.3884 133.079 119.134 85073.6
241.621 41.4483 111.177 98.4411 81043.6
242.55 41.423 82.2558 82.9457 87646.2
243.46 41.522 55.7023 49.4213 94807.1
244.209 41.4311 34.4447 29.1065 123285
249.334 41.4729 132.381 117.221 132803
249.933 41.4272 152.926 133.743 178649
250.843 41.5047 180.401 148.733 128536
251.814 41.4906 209.076 186.241 120536
252.637 41.6067 256.592 213.649 89484.6
253.404 41.4033 262.668 229.71 209935
236.17 44.0035 289.002 261.369 136335
237.12 38.1448 294.76 253.747 37318.4
280.154 39.6581 997.913 920 720288
236.597 41.7752 260.389 235.711 103430
237.663 41.6898 230.645 206.988 94766.4
236.119 41.702 273.323 248.828 106147
236.486 41.355 260.083 237.131 104310
237.948 41.526 220.906 198.701 100883
238.305 41.342 210.609 188.588 91642.9
236.695 40.222 260.569 236.185 35491.7
237.274 41.086 239.232 215.239 55819.3
237.538 40.9591 232.676 208.231 86020
238.63 41.056 201.585 179.521 68645.2
237.502 40.104 244.873 215.961 40674.3
237.082 40.764 245.765 221.4 66580.9
238.104 41.006 218.016 194.137 59577
238.316 40.81 211.114 189.294 66740
237.913 40.577 223.46 200.736 73522.6
238.978 40.729 189.796 171.383 76951.3
238.198 40.295 208.86 193.423 19298.6
236.845 40.453 253.501 229.119 49559.5
236.859 41.142 248.168 226.295 67300.2
236.435 40.843 262.254 238.591 75590.9
236.053 40.722 278.381 251.233 90539.9
236.141 40.5907 277.373 249.558 156505
236.198 40.483 277.343 249.113 125519
235.873 40.483 290.581 268.955 127420
236.252 40.483 276.096 248.249 48854.8
235.836 40.2482 291.802 263.057 62484
236.346 40.285 272.301 246.383 52414.2
236.497 40.101 270.403 244.699 65815.8
236.406 40.1882 271.584 245.76 69035.3
236.727 39.7145 277.105 244.605 27187
236.825 39.5703 276.898 240.88 17967.5
236.813 39.4928 277.813 242.265 51615
237.032 39.196 274.726 239.564 35219.8
237.189 39.1124 270.471 236.283 23231.6
236.281 39.8633 284.202 254.466 51554
236.525 39.622 321.806 252.763 25881.3
236.622 39.0132 289.363 253.603 41353.5
236.924 38.6639 292.536 251.92 18007.8
237.704 39.532 238.564 213.135 49187.4
237.478 39.3154 260.704 224.918 33153.3
237.845 39.2751 234.373 212.418 93928.3
237.858 39.0049 237.943 216.107 31011.1
239.398 40.3453 179.461 161.659 52620.6
238.828 40.1096 198.57 178.287 38634.5
238.473 39.719 209.018 190.432 36935.6
239.812 40.025 170.008 153.354 41911.3
239.359 40.0112 183.393 165.53 13908.5
239.286 39.8043 186.02 168.921 49242.9
238.837 39.3837 201.19 184.756 53937.5
239.775 39.6502 172.435 158.718 44677.3
239.959 39.4725 170.191 156.841 39805.6
239.845 39.0516 186.16 167.664 36422.1
266.423 34.5454 713.777 637.902 599771
241.164 37.6302 183.334 170.637 35503.5
243.578 32.892 318.654 296.814 33001.3
242.511 36.058 215.938 198.36 92487.2
246.059 46.8292 217.676 202.034 79726.4
242.805 33.6 302.372 267.552 103018
251.501 37.2103 245.241 215.187 161042
240.165 40.7484 154.137 138.466 63454.3
241.029 40.7797 128.23 115.074 48113.9
241.866 40.7811 103.523 92.6153 37739.2
242.476 40.852 84.6609 85.5875 57000.9
243.492 40.7186 53.5431 50.1753 43961.2
245.796 40.8556 26.1181 23.9125 128479
247.48 40.8903 73.8018 66.6542 139091
250.327 40.9763 167.107 145.549 235491
250.823 40.8936 181.441 158.544 140175
251.737 40.8338 214.605 184.015 215016
252.48 40.76 237.752 204.833 132270
253.546 40.8023 258.044 232.736 71697.1
265.339 31.7598 735.464 667.423 854102
245.381 34.7676 247.365 227.989 86136.9
242.877 48.2642 272.164 252.007 101731
279.822 33.1067 1079.33 989.436 1.3776e+06
240.173 40.165 159.036 142.601 35553.3
241.123 40.1614 128.778 116.979 59493.3
241.845 40.2903 107.364 97.4902 54623.6
242.81 40.1697 84.1966 75.0282 64131.9
243.5 40.2917 62.5265 56.3867 34643.3
245.255 40.2679 36.2952 34.6222 59223.8
250.876 40.2982 181.64 164.269 84557.8
251.758 40.1348 222.233 189.964 162408
252.53 40.2149 247.626 211.969 42322.4
257.967 40.9451 392.623 349.705 330141
241.276 34.6145 279.713 259.874 145111
270.591 34.5118 809.564 737.568 428741
240.102 39.6785 163.834 149.743 49474.7
241.111 39.5399 141.07 127.29 32890.3
241.92 39.6946 118.286 105.15 56280.2
242.861 39.5516 92.928 86.1279 55064
243.536 39.6202 76.5695 71.5653 48041.3
245.092 39.4731 68.0964 62.9137 56812.6
245.984 39.455 72.5686 67.2552 76177
246.931 39.5906 83.8311 76.3682 107371
248.34 39.6092 118.371 106.909 165430
249.754 39.6279 155.13 131.419 110002
251.019 39.6333 193.974 173.799 92276.1
251.609 39.4998 211.245 190.554 90619.8
252.551 39.524 246.247 206.856 223889
286.092 41.0056 1170.34 1048.62 960983
241.815 34.1714 290.262 267.619 70524.9
245.858 34.3034 265.25 244.581 126133
290.708 45.2644 1233.8 1134.45 1.21596e+06
241.192 38.9383 150.565 137.157 36082.7
242.068 38.8606 129.515 119.38 49711.6
242.818 38.834 114.257 106.46 40779.4
243.6 38.8247 103.071 94.8619 64978.3
244.346 38.8455 94.4986 86.8784 53771.2
245.17 39.04 85.345 78.1347 69927.1
245.98 38.9551 91.0054 83.484 65233
248.828 38.9176 146.284 131.86 126959
249.867 39.1025 167.218 151.61 199219
250.737 38.9553 192.818 165.322 172338
251.704 38.9541 218.375 188.679 153698
252.426 38.8347 241.919 208.584 188604
253.09 38.8627 258.275 226.559 142799
240.549 38.5226 177.477 161.686 52253.8
241.894 38.3489 148.119 136.226 48974
242.928 38.2397 132.264 122.273 62468.5
243.698 38.2886 121.676 111.28 66801.9
244.415 38.3489 110.998 103.273 64750.9
245.392 38.3281 113.537 103.805 82189.5
246.031 38.1802 118.094 110.333 89375.5
246.979 38.2987 124.198 115.237 93897.4
249.289 38.4187 167.311 142.434 84524.6
250.106 38.3862 185.758 159.582 136733
250.739 38.2916 203.803 175.693 168618
251.621 38.1888 228.791 198.897 244217
252.45 38.3685 244.034 214.834 149962
253.244 38.2289 266.387 236.605 139213
240.756 36.3052 227.499 212.521 51851
250.733 45.1221 232.102 208.239 41422.6
243.003 34.8753 254.55 233.644 97874.4
255.964 44.1212 356.231 309.091 17018.7
242.775 37.7243 153.139 141.163 74448.9
243.405 37.923 137.028 126.448 62824.5
244.253 37.6444 138.797 128.92 27758.8
245.151 37.6083 142.285 129.326 65080.9
246.14 37.5808 142.024 132.243 84878.3
247.637 37.6761 158.135 135.212 92912
248.404 37.7222 168.427 145.352 90572.1
249.198 37.6354 186.079 160.583 101319
250.005 37.6903 200.903 173.287 114384
250.863 37.7459 216.988 189.563 127215
238.553 36.764 277.911 244.442 34874.2
241.453 32.9799 346.073 312.367 78396
266.785 41.9069 635.871 573.335 183092
240.365 33.9954 328.962 295.508 42561.1
254.499 37.7456 311.404 277.612 81422.1
243.725 35.8996 208.8 192.939 61774.8
240.004 35.3142 302.997 261.516 41171.2
240.476 33.2479 350.026 315.009 116833
282.112 40.6358 1051.39 962.57 154195
244.2 32.9451 328.818 295.15 98426.5
244.78 37.2408 153.615 141.631 74805.6
245.285 36.7256 175.291 159.947 87383.6
246.093 37.0195 162.924 151.397 63677.3
246.916 37.0615 169.752 155.651 56414.2
247.618 37.0183 180.273 155.025 89765.9
248.494 36.9839 196.832 168.746 148884
249.196 36.9969 203.918 178.843 108285
250.126 37.1364 217.667 189.572 110616
250.975 36.8299 241.971 213.137 104047
253.097 37.0138 285.766 255.896 135809
241.77 37.0542 187.849 176.237 43708.4
236 44.6764 305.739 274.011 96395.1
249.215 32.3098 357.437 321.661 107244
244.076 35.4358 219.324 205.58 45320.5
243.67 36.4193 190.769 175.926 66127
244.617 36.423 184.291 170.708 61732.6
245.461 36.4321 187.357 170.402 83108.5
246.035 36.4151 187.03 172.348 106498
246.82 36.4182 190.37 175.897 103555
248.87 36.1428 229.067 199.128 119924
249.338 36.5996 219.784 192.512 170808
250.13 36.4199 235.766 209.611 84188.6
250.792 36.2925 252.777 222.937 111210
251.48 36.3758 265.356 234.67 119307
244.57 35.8384 205.468 191.11 80884.7
245.149 35.7266 212.543 195.117 102109
246.895 35.6339 216.264 192.345 78004
247.827 35.8191 219.241 193.976 53233.1
249.206 35.6218 250.553 219.642 140160
250.067 35.7113 260.654 229.76 161172
250.954 35.7147 269.537 241.401 59874.6
251.534 35.7992 282.672 250.279 131264
252.362 35.8054 301.263 267.201 153186
269.482 32.2185 875.763 780.379 565977
240.915 35.8409 240.904 224.135 59435.1
243.86 44.932 151.534 137.696 95096.7
243.601 44.991 154.287 140.712 85618.2
243.336 45.045 158.192 144.063 76721.4
242.966 45.164 183.423 155.739 18943.7
242.641 45.427 190.486 166.154 31187.6
242.193 45.504 191.556 172.348 97060.7
242.319 45.64 196.352 175.16 74053.6
242.452 45.805 207.058 179.818 29553.5
245.13 35.301 229.417 209.905 114978
242.536 45.953 211.479 184.208 22575.5
246.115 35.099 233.523 207.935 131742
246.917 35.2127 232.142 206.848 114258
242.501 46.269 204.898 190.089 36964
247.733 35.1787 239.977 213.506 96914.7
248.468 35.0951 252.187 224.88 64768.2
242.356 46.512 215.459 199.203 37929.8
249.287 35.0789 267.177 236.192 113128
242.281 46.62 220.159 203.335 36627.4
250.264 35.1181 282.388 249.862 184075
250.612 35.1118 287.981 255.295 210052
242.494 44.8448 167.345 149.108 105776
251.5 35.1259 295.567 267.858 76004.4
242.076 44.538 159.53 145.679 118662
252.352 35.117 318.912 283.541 124081
253.133 35.0719 339.796 301.621 212976
273.706 38.2289 863.793 769.757 605390
240.241 39.3104 171.328 153.56 55344.2
237.459 40.5799 235.747 211.849 66681
261.219 34.7379 542.146 503.738 3295.43
227.653 56.4191 644.908 631.525 1.41072e+07
248.626 35.5169 241.514 213.437 84959.9
241.363 42.4339 125.093 112.106 99040.4
272.17 36.1297 824.495 755.84 244333
247.109 34.4692 261.252 233.374 91576.3
247.763 34.4866 261.648 236.206 49357.7
248.559 34.4178 277.102 247.673 102787
249.194 34.3371 285.564 256.836 74689.7
250.05 34.5293 297.754 263.68 206996
250.71 34.4275 311.077 276.806 226955
251.502 34.5421 316.821 285.155 87501.1
252.214 34.4457 329.442 299.244 90310.8
252.99 34.5058 348.869 311.188 85854.7
245.476 33.7503 287.58 263.468 91343.4
246.171 33.8142 284.088 251.86 141425
246.995 33.9383 281.447 251.345 136053
247.667 33.9535 280.141 253.279 73296.8
248.522 33.8798 293.258 273.418 92694.6
249.156 33.6953 306.244 276.859 96283.9
250.746 33.9571 326.801 291.214 208619
251.623 33.9085 341.392 306.028 211092
252.326 34.0087 344.504 314.716 89990.5
253.079 34.0739 361.229 324.827 88919.8
235.907 44.2982 299.681 271.207 79136.7
246.343 33.1999 307.5 283.659 145146
247.054 33.3627 303.263 270.866 131972
247.842 33.2893 306.516 276.766 95263.2
248.573 33.341 308.637 281.093 73105.3
249.528 33.2969 324.473 293.998 102492
249.964 33.0851 336.704 305.623 34324.8
250.734 33.2921 348.354 310.884 219878
251.408 33.1132 365.063 327.146 299604
