244.867 43.7945 110.432 104.717 4570.18
248.324 46.5336 219.068 189.143 9204.65
250.183 43.7013 156.674 128.217 6575.34
249.334 41.4729 105.192 109.777 12887.6
251.019 39.6333 161.496 162.708 13375.8
253.244 38.2289 241.376 210.857 15624.6
248.626 35.5169 220.139 189.033 7482.32
245.285 36.7256 179.597 139.625 5010.13
243.665 34.8294 233.268 204.538 7259.08
241.17 35.1269 257.828 220.256 12796.8
240.241 39.3104 167.982 130.848 7450.2
236.727 39.7145 258.883 208.319 9490.22
236.628 42.7859 260.236 206.273 13028.2
240.331 45.2664 211.122 165.612 11420.3
242.536 45.953 202.168 159.982 8691.3
