245.42 32.5356 325.822 266.105 4090.66
246.233 32.7683 333.777 261.915 3814.75
247.117 32.7513 289.785 254.205 7523.3
247.772 32.7006 297.781 261.603 8352.11
248.296 32.5618 306.255 270.224 8947.03
249.261 32.5716
250.03 32.6399
250.697 32.7663
251.367 32.5466
252.215 32.5324
252.999 32.6995
253.738 32.6349
254.546 32.7001
255.343 32.6588
255.98 32.6462
256.643 32.6764
247.189 31.9559
248.543 32.0022
249.184 31.7748
249.954 31.9737
250.741 31.9989
251.473 31.9041
252.222 32.0094
252.899 32.1046
253.572 32.0062
254.477 32.076
255.177 32.1101
255.899 32.0618
256.708 32.012
250.009 31.439
250.719 31.3757
251.472 31.3369
254.517 31.4425
255.029 31.3711
256.021 31.3165
256.508 31.3691
257.19 31.3818
255.014 30.7862
255.971 30.6689
256.598 30.8498
257.315 30.7263
255.91 30.0609
256.388 30.1456
257.212 30.1615
255.867 29.554
256.611 29.4528
257.112 29.4862
245.587 48.933 300.87 246.66 7170.12
246.578 48.9725 299.002 251.582 8949.28
247.267 48.9777 297.77 254.563 9960.39
248.403 48.9482 299.219 259.64 7743.18
249.301 48.9448 306.24 264.516 6728.85
250.154 48.9198 320.951 272.171 7871.17
251.257 48.9286
252.074 48.8799
253.075 48.9912
254.085 48.9926
255.121 48.9592
255.998 48.9239
276.343 42.3012
277.018 40.2319
264.138 48.2977
258.319 34.8837
253.543 34.9459
245.532 48.3739 276.614 229.173 8598.48
246.727 48.3609
247.438 48.3129 274.494 236.114 9698.39
248.293 48.4128 281.542 242.672 7217.59
249.201 48.2921 287.26 245.56 7786.3
250.223 48.3943 304.94 259.397 7917.2
251.056 48.4551
251.979 48.4389
252.983 48.4278
254.004 48.3008
255.009 48.4643
284.014 42.1993
279.58 37.2113
248.37 45.597 185.921 163.863 6340.52
272.949 31.1687
261.044 44.443
250.442 42.7667 148.111 143.706 10030.1
245.426 47.6795 250.919 207.501 9065.48
246.253 47.7687 252.136 212.927 9877.67
247.393 47.775 252.692 219.428 8049.44
248.254 47.8012 261.696 224.366 7081.04
249.237 47.6327
250.951 47.7343
251.996 47.7133
252.904 47.8264
254.116 47.7456
254.816 47.8026
255.575 47.5302
260.263 38.814
282.627 38.2046
268.755 38.0557
282.11 35.2393
270.863 46.1003
245.541 47.0943 226.908 189.912 10166.8
246.494 47.0816
247.48 47.0418
248.451 47.0308
249.313 47.1523 253.311 216.998 8101.4
250.198 47.1961
251.12 47.1646
251.864 47.0911
253.006 47.0658
253.82 47.1498
254.793 47.173
255.673 47.1152
255.804 48.4702
247.187 40.195
278.567 28.1103
245.812 46.4423 197.068 170.651 9195.37
246.507 46.4162
247.359 46.4246 203.708 177.527 7195.27
248.324 46.5336 219.068 189.143 9204.65
249.142 46.462
250.086 46.5663
251.214 46.4611
251.87 46.5038
252.924 46.5408
263.386 43.7337
250.245 48.024 294.091 249.84 8079.87
280.011 42.1175
268.505 47.9462
245.668 45.7893
246.63 45.8122
247.507 45.8409
248.374 45.7843 192.194 169.084 5945.53
249.341 45.9054
250.284 45.9046 213.47 199.479 6576.18
251.056 45.8538
251.851 45.8006
252.877 45.8231
245.767 45.0931
246.54 45.2432
247.511 45.166
248.195 45.2285
249.26 45.3212
250.437 45.3171 202.876 188.614 8239.09
251.786 45.2202
252.793 45.225
245.173 33.0515 311.304 250.988 4343.43
275.383 44.8245
276.533 33.4112
245.145 44.5494
245.745 44.5642
246.633 44.6165
247.356 44.6173 144.566 124.896 8080.42
248.752 44.7038
249.424 44.3951
250.336 44.6769
251.014 44.6704
252.001 44.4868
252.958 44.6277
253.648 44.5943
270.706 40.5559
264.162 29.9618
245.586 43.5625
288.442 42.5064
245.883 43.9146
246.548 43.9286
247.515 43.9997
248.513 43.8756 128.64 100.047 6826.7
249.424 43.92 148.095 139.207 8474.74
250.183 43.7013 156.674 128.217 6575.34
251.006 44.0363
251.872 43.9496
252.708 43.8122
253.516 43.8924
254.387 39.7997 255.147 221.445 14911.6
245.826 43.3979
246.482 43.3234
247.567 43.3998 102.191 94.8469 5299.25
248.388 43.2741
249.288 43.3629
249.98 43.2112 144.453 138.303 9771.22
250.947 43.2649
251.916 43.3531
252.554 43.3459
253.521 43.4126
260.198 30.4794
269.752 42.9142
245.916 42.6493
246.824 42.5452
247.469 42.6852
248.412 42.8321
249.08 42.7507 110.909 112.873 11118.4
249.958 42.6372 131.71 130.973 10269.2
251.153 42.8247 164.751 160.223 11576.1
251.658 42.6579 174.757 170.55 12254.8
252.749 42.6332
253.476 42.6507
263.391 39.1009
262.107 27.5459
246.056 42.0886
246.76 42.0343
247.614 42.0041
248.568 42.0149
249.127 42.0995 100.66 84.9877 13693.5
249.964 41.9243 124.786 125.789 10263.9
250.643 42.1012 145.434 143.752 11728.8
251.66 42.0073 173.675 167.151 14271
252.63 41.9641 205.144 191.047 7419.49
253.566 42.031 233.284 214.735 9023.92
254.299 42.1143
255.067 42.0432
253.777 46.6885 295.318 271.601 7821.58
288.074 44.2401
285.417 44.6197
273.002 33.0348
256.333 29.3339
245.835 41.3602
246.653 41.503
247.552 41.4632
248.37 41.3146
249.334 41.4729 105.192 109.777 12887.6
249.933 41.4272 124.048 124.495 10303.7
250.843 41.5047 146.273 124.933 7914.78
251.814 41.4906 178.724 171.647 9612.94
252.637 41.6067 204.542 191.918 9708.04
253.404 41.4033 226.28 210.866 10518.2
254.278 41.468
255.175 41.4676
280.154 39.6581
260.397 47.8481
266.423 34.5454
254.618 31.6985
246.059 46.8292
257.228 33.9696
251.501 37.2103 215.096 189.183 14158
245.796 40.8556
246.813 40.8513
247.48 40.8903
248.563 40.8869
249.167 40.9425 94.0094 106.641 9330.99
250.327 40.9763 136.098 136.822 13023.4
250.823 40.8936 149.324 148.82 13736.9
251.737 40.8338 175.721 171.422 13431.8
252.48 40.76 198.421 189.513 13504.9
253.546 40.8023 230.406 217.341 14127.1
254.056 40.8947
255.118 40.8271
255.913 40.8132
265.339 31.7598
245.401 34.8249
245.381 34.7676
279.822 33.1067
245.255 40.2679
246.019 40.1314
247.531 40.2807
248.498 40.2067
249.262 40.1948
249.992 40.2655
250.876 40.2982 151.5 153.714 10181.4
251.758 40.1348 178.115 176.677 11878
252.53 40.2149 199.556 194.507 14352.5
253.453 40.1618
254.082 40.2109
254.927 40.1227
255.88 40.1129
257.967 40.9451
270.591 34.5118
245.984 39.455
246.931 39.5906
247.721 39.5708
248.34 39.6092
249.26 39.473 118.88 124.66 10858.8
249.754 39.6279 130.842 112.173 11829.9
251.019 39.6333 161.496 162.708 13375.8
251.609 39.4998 180.093 178.056 15092.2
252.551 39.524 207.158 179.663 12604.4
253.241 39.5952
254.161 39.3741
255.092 39.5144
255.832 39.5125
286.092 41.0056
245.858 34.3034 284.76 214.035 4321.21
290.708 45.2644
245.17 39.04
245.98 38.9551 100.546 70.3071 5368.01
246.723 38.9882
247.621 38.9995
248.828 38.9176 117.971 125.316 10699.5
249.867 39.1025 139.19 143.459 13001.1
250.737 38.9553 165.948 142.84 12534.7
251.704 38.9541 189.138 164.386 14389.1
252.426 38.8347 210.206 182.71 15322
253.09 38.8627 228.671 198.851 17001.7
254.166 38.9045
254.851 38.9641
255.753 38.9145
245.392 38.3281
246.031 38.1802
246.979 38.2987
247.723 38.2108 118.87 101.241 12034.9
248.517 38.2843 125.701 112.553 9063.62
249.289 38.4187 137.191 122.534 12292.7
250.106 38.3862 157.626 138.207 12968.7
250.739 38.2916 175.274 152.993 12229.7
251.621 38.1888 201.516 173.945 12067.8
252.45 38.3685 217.948 189.824 13679.9
253.244 38.2289 241.376 210.857 15624.6
254.893 38.2315
255.717 38.1474
250.733 45.1221 205.744 188.792 8574.47
255.964 44.1212 304.219 279.339 1583.52
245.151 37.6083
246.14 37.5808
246.832 37.7601
247.637 37.6761 134.897 116.074 9175.04
248.404 37.7222 144.469 124.727 13279
249.198 37.6354 159.641 139.04 9148.32
250.005 37.6903 171.786 151.247 12433.1
250.863 37.7459 189.484 165.535 13843.4
251.639 37.83
252.208 37.662
253.171 37.7461
253.998 37.7059
254.787 37.6407
255.565 37.6606
254.945 34.5715
255.734 34.5145
254.312 34.1838
254.53 34.1567
254.999 34.1517
255.333 34.1937
255.704 34.2323
256.088 34.2148
256.473 34.2135
254.23 33.9682
254.975 33.8308
255.696 33.8903
256.455 33.893
257.159 33.8774
254.406 33.6042
254.835 33.5975
255.672 33.5995
256.452 33.5806
256.882 33.5044
257.179 33.5385
257.508 33.5662
254.329 33.3102
255.659 33.259
256.402 33.1939
257.166 33.2334
254.184 32.9513
254.485 32.9369
254.82 33.0053
255.381 32.937
255.66 32.9288
256.155 33.0286
256.46 32.9317
256.794 32.9833
257.139 32.8728
257.463 32.9426
254.053 32.7572
254.845 32.6337
255.639 32.654
256.374 32.629
257.095 32.6899
253.936 32.443
254.828 32.3673
255.173 32.488
255.681 32.3766
255.96 32.2837
256.327 32.1712
256.601 32.3554
257.149 32.3691
257.452 32.2888
254.852 31.9694
255.512 32.0937
256.309 31.9895
257.063 32.0119
255.154 31.8029
255.574 31.6996
255.982 31.727
256.264 31.6679
256.605 31.7051
257.23 31.8027
257.412 31.6905
256.263 31.3663
256.365 31.1096
257.013 30.9611
257.323 31.0024
254.048 31.8742
266.785 41.9069
254.499 37.7456 284.108 247.759 14354.7
272.903 40.379
174.103 52.7308
267.196 45.2246
282.112 40.6358
245.285 36.7256 179.597 139.625 5010.13
246.093 37.0195 180.039 132.074 3668.18
246.916 37.0615
247.618 37.0183 152.577 134.332 7474.42
248.494 36.9839 170.633 145.834 13389.8
249.196 36.9969 179.695 154.804 11197.2
250.126 37.1364 187.519 165.93 12309.3
250.975 36.8299 213.147 187.895 13215.2
252.466 36.9914
253.097 37.0138 262.945 227.449 12132
253.963 37.0361
254.948 37.0738
255.589 37.1388
249.215 32.3098
276.451 36.5439
245.461 36.4321 194.78 147.762 4431.13
246.035 36.4151
246.82 36.4182
247.708 36.428
248.87 36.1428 201.751 173.532 12861.7
249.338 36.5996 193.303 167.087 12657.2
250.13 36.4199 211.433 183.801 12475.4
250.792 36.2925 225.325 197.753 13604.5
251.48 36.3758 236.074 207.608 14675.8
252.342 36.4277
253.145 36.3773
253.808 36.3289
254.722 36.4093
255.592 36.3998
256.256 36.3945
245.149 35.7266 213.352 170.39 5075
246.016 35.8522
246.895 35.6339 190.303 169.165 9592.22
247.827 35.8191 191.148 171.099 7041.56
249.206 35.6218 223.347 192.411 12136.4
250.067 35.7113 234.904 201.52 14186.5
250.954 35.7147 245.304 214.401 12665.9
251.534 35.7992 253.404 222.204 14841
252.362 35.8054 270.146 236.686 15573.5
253.091 35.9138
253.817 35.7452
254.728 35.7259
255.384 35.8383
256.214 35.7964
269.482 32.2185
245.13 35.301 226.599 183.753 5739.11
246.115 35.099 203.645 179.701 8050.38
246.917 35.2127 205.893 182.02 10437.7
247.733 35.1787 210.985 190.011 7472.32
248.468 35.0951 227.532 199.616 7833.86
249.287 35.0789 241.15 208.795 11317
250.264 35.1181 255.41 219.497 15523.9
250.612 35.1118 261.575 224.515 13744.8
251.5 35.1259 272.808 237.922 14735.1
252.352 35.117 287.812 252.765 18039
253.133 35.0719 306.498 267.623 17566.9
253.85 35.1605
254.592 35.2106
255.539 35.2177
256.234 35.0891
256.937 35.0637
273.706 38.2289
261.219 34.7379
248.626 35.5169 220.139 189.033 7482.32
272.17 36.1297
246.17 34.5935
247.109 34.4692 233.191 204.795 10921.2
247.763 34.4866 239.819 210.925 7961.48
248.559 34.4178 246.997 220.167 6397.47
249.194 34.3371 262.386 229.727 12082.1
250.05 34.5293 268.6 233.384 14323.3
250.71 34.4275 282.406 244.223 14111.3
251.502 34.5421 293.049 253.13 14655.6
252.214 34.4457 306.609 266.892 13632.1
252.99 34.5058
253.812 34.581
254.565 34.5646
255.338 34.5271
256.19 34.5508
256.903 34.6469
245.476 33.7503 285.963 230.34 4183.25
246.171 33.8142 247.385 218.895 4986.86
246.995 33.9383 250.428 219.622 7930.63
247.667 33.9535 257.087 225.223 8016.24
248.522 33.8798 305.015 243.328 4689.51
249.156 33.6953 285.883 248.408 8653.05
249.966 33.7776
250.746 33.9571 297.397 257.779 15874.4
251.623 33.9085 315.706 271.635 14949.9
252.326 34.0087
253.035 33.937
253.079 34.0741
253.079 34.0739
253.945 33.9315
254.564 33.9257
255.307 33.9229
256.175 33.9232
256.837 33.8839
246.343 33.1999
247.054 33.3627 267.566 236.074 9523.47
247.842 33.2893 279.53 246.049 8565.15
248.573 33.341 287.455 252.817 8297
249.528 33.2969 300.372 263.572 8195.77
249.964 33.0851 313.169 273.522 8442.28
250.734 33.2921
251.408 33.1132
252.329 33.3086
253.036 33.2555
253.768 33.2621
254.635 33.3298
255.283 33.2797
256.02 33.2716
256.785 33.315
