245.42 32.5356
246.233 32.7683 267.787 233.774 2486.86
247.117 32.7513 264.996 236.543 3960.25
247.772 32.7006 271.432 241.664 4867.68
248.296 32.5618 280.062 249.476 5137.17
249.261 32.5716
250.03 32.6399
250.697 32.7663
251.367 32.5466
252.215 32.5324
252.999 32.6995
253.738 32.6349
254.546 32.7001
255.343 32.6588
255.98 32.6462
256.643 32.6764
247.189 31.9559
248.543 32.0022
249.184 31.7748
249.954 31.9737
250.741 31.9989
251.473 31.9041
252.222 32.0094
252.899 32.1046
253.572 32.0062
254.477 32.076
255.177 32.1101
255.899 32.0618
256.708 32.012
250.009 31.439
250.719 31.3757
251.472 31.3369
254.517 31.4425
255.029 31.3711
256.021 31.3165
256.508 31.3691
257.19 31.3818
255.014 30.7862
255.971 30.6689
256.598 30.8498
257.315 30.7263
255.91 30.0609
256.388 30.1456
257.212 30.1615
255.867 29.554
256.611 29.4528
257.112 29.4862
245.587 48.933 254.002 214.232 1736.75
246.578 48.9725
247.267 48.9777
248.403 48.9482
249.301 48.9448
250.154 48.9198
251.257 48.9286
252.074 48.8799
253.075 48.9912
254.085 48.9926
255.121 48.9592
255.998 48.9239
276.343 42.3012
277.018 40.2319
264.138 48.2977
258.319 34.8837
253.543 34.9459
245.532 48.3739 250.264 199.631 1682.64
246.727 48.3609
247.438 48.3129
248.293 48.4128
249.201 48.2921
250.223 48.3943
251.056 48.4551
251.979 48.4389
252.983 48.4278
254.004 48.3008
255.009 48.4643
284.014 42.1993
279.58 37.2113
248.37 45.597
272.949 31.1687
261.044 44.443
250.442 42.7667 133.815 147.122 4191.91
245.426 47.6795 224.305 178.211 1651.52
246.253 47.7687 240.018 185.632 1565.36
247.393 47.775
248.254 47.8012
249.237 47.6327
250.951 47.7343
251.996 47.7133
252.904 47.8264
254.116 47.7456
254.816 47.8026
255.575 47.5302
260.263 38.814
282.627 38.2046
268.755 38.0557
282.11 35.2393
270.863 46.1003
245.541 47.0943 210.634 162.05 1564.44
246.494 47.0816
247.48 47.0418
248.451 47.0308
249.313 47.1523
250.198 47.1961
251.12 47.1646
251.864 47.0911
253.006 47.0658
253.82 47.1498
254.793 47.173
255.673 47.1152
255.804 48.4702
247.187 40.195
278.567 28.1103
245.812 46.4423
246.507 46.4162
247.359 46.4246
248.324 46.5336
249.142 46.462
250.086 46.5663
251.214 46.4611
251.87 46.5038
252.924 46.5408
263.386 43.7337
250.245 48.024
280.011 42.1175
268.505 47.9462
245.668 45.7893
246.63 45.8122
247.507 45.8409
248.374 45.7843
249.341 45.9054
250.284 45.9046 195.951 202.921 1802.62
251.056 45.8538
251.851 45.8006
252.877 45.8231
245.767 45.0931
246.54 45.2432
247.511 45.166
248.195 45.2285
249.26 45.3212
250.437 45.3171 181.623 191.248 2062.73
251.786 45.2202
252.793 45.225
245.173 33.0515 269.233 224.611 1397.83
275.383 44.8245
276.533 33.4112
245.145 44.5494
245.745 44.5642
246.633 44.6165
247.356 44.6173
248.752 44.7038
249.424 44.3951
250.336 44.6769
251.014 44.6704
252.001 44.4868
252.958 44.6277
253.648 44.5943
270.706 40.5559
264.162 29.9618
245.586 43.5625
288.442 42.5064
245.883 43.9146
246.548 43.9286
247.515 43.9997
248.513 43.8756
249.424 43.92 126.739 144.674 2899.36
250.183 43.7013
251.006 44.0363
251.872 43.9496
252.708 43.8122
253.516 43.8924
254.387 39.7997 236.316 196.616 10417.7
245.826 43.3979
246.482 43.3234
247.567 43.3998
248.388 43.2741
249.288 43.3629
249.98 43.2112 130.586 142.4 3794.06
250.947 43.2649
251.916 43.3531
252.554 43.3459
253.521 43.4126
260.198 30.4794
269.752 42.9142
245.916 42.6493
246.824 42.5452
247.469 42.6852
248.412 42.8321
249.08 42.7507 108.61 118.451 3912.01
249.958 42.6372 125.931 135.043 4382.34
251.153 42.8247 149.281 161.205 4468
251.658 42.6579 162.363 169.941 5089.27
252.749 42.6332
253.476 42.6507
263.391 39.1009
262.107 27.5459
246.056 42.0886
246.76 42.0343
247.614 42.0041
248.568 42.0149
249.127 42.0995
249.964 41.9243 117.836 130.348 5315.76
250.643 42.1012 133.128 145.65 5784.71
251.66 42.0073 155.106 166.407 6059.28
252.63 41.9641 180.828 186.905 5313.2
253.566 42.031 204.493 207.635 4873.59
254.299 42.1143
255.067 42.0432
253.777 46.6885 260.738 265.19 2190.61
288.074 44.2401
285.417 44.6197
273.002 33.0348
256.333 29.3339
245.835 41.3602
246.653 41.503
247.552 41.4632
248.37 41.3146
249.334 41.4729 106.414 115.564 6048.97
249.933 41.4272 117.066 128.59 6455.26
250.843 41.5047
251.814 41.4906 159.013 169.232 6302.38
252.637 41.6067 183.082 187.039 5631.55
253.404 41.4033 204.638 205.121 6085.07
254.278 41.468
255.175 41.4676
280.154 39.6581
260.397 47.8481
266.423 34.5454
254.618 31.6985
246.059 46.8292
257.228 33.9696
251.501 37.2103 202.551 170.149 8440.88
245.796 40.8556
246.813 40.8513
247.48 40.8903
248.563 40.8869
249.167 40.9425 104.433 112.866 6807.57
250.327 40.9763 127.068 138.902 7994.49
250.823 40.8936 137.668 150.048 8324.09
251.737 40.8338 160.404 169.665 8159.57
252.48 40.76 181.747 186.348 7680.58
253.546 40.8023 208.869 210.896 7641.9
254.056 40.8947
255.118 40.8271
255.913 40.8132
265.339 31.7598
245.401 34.8249
245.381 34.7676
279.822 33.1067
245.255 40.2679
246.019 40.1314
247.531 40.2807 62.6201 81.1762 9234.6
248.498 40.2067 91.1763 103.035 8017.86
249.262 40.1948 111.261 120.783 8684.97
249.992 40.2655 125.86 136.327 8886.3
250.876 40.2982 144.299 154.624 8769.86
251.758 40.1348 167.158 174.289 8516.95
252.53 40.2149 188.611 191.143 8744.72
253.453 40.1618
254.082 40.2109
254.927 40.1227
255.88 40.1129
257.967 40.9451
270.591 34.5118
245.984 39.455
246.931 39.5906
247.721 39.5708 85.3947 57.4527 7789.35
248.34 39.6092
249.26 39.473 117.75 129.724 10327.9
249.754 39.6279
251.019 39.6333 152.652 163.298 8843.61
251.609 39.4998 169.984 176.558 8791.79
252.551 39.524 195.724 157.672 9307.2
253.241 39.5952
254.161 39.3741
255.092 39.5144
255.832 39.5125
286.092 41.0056
245.858 34.3034 214.403 187.05 2545.85
290.708 45.2644
245.17 39.04
245.98 38.9551
246.723 38.9882 82.4267 56.4583 5934.23
247.621 38.9995 96.3227 68.5356 7946.17
248.828 38.9176 119.327 131.072 10613.7
249.867 39.1025 132.279 146.582 10176.2
250.737 38.9553 152.959 125.101 9547.64
251.704 38.9541 178.498 144.961 8377.42
252.426 38.8347 199.529 162.417 9162.75
253.09 38.8627 214.502 177.142 10260.5
254.166 38.9045
254.851 38.9641
255.753 38.9145
245.392 38.3281
246.031 38.1802
246.979 38.2987
247.723 38.2108 115.275 89.9857 10661.1
248.517 38.2843 125.57 99.7813 11179.7
249.289 38.4187 133.808 108.333 10444.5
250.106 38.3862 149.401 122.417 9247.11
250.739 38.2916 164.719 135.252 9041.19
251.621 38.1888 185.064 153.989 8949.32
252.45 38.3685 203.199 169.16 8739.93
253.244 38.2289 225.264 188.35 10016.4
254.893 38.2315
255.717 38.1474
250.733 45.1221 180.14 190.931 2226.71
255.964 44.1212 271.941 269.237 459.776
245.151 37.6083
246.14 37.5808
246.832 37.7601 115.666 91.887 6978.26
247.637 37.6761 126.629 102.337 9352.76
248.404 37.7222 137.121 110.653 10728.1
249.198 37.6354 152.796 123.347 10721.3
250.005 37.6903 164.241 134.491 9531.71
250.863 37.7459 180.335 147.61 8380.35
251.639 37.83
252.208 37.662
253.171 37.7461
253.998 37.7059
254.787 37.6407
255.565 37.6606
254.945 34.5715
255.734 34.5145
254.312 34.1838
254.53 34.1567
254.999 34.1517
255.333 34.1937
255.704 34.2323
256.088 34.2148
256.473 34.2135
254.23 33.9682
254.975 33.8308
255.696 33.8903
256.455 33.893
257.159 33.8774
254.406 33.6042
254.835 33.5975
255.672 33.5995
256.452 33.5806
256.882 33.5044
257.179 33.5385
257.508 33.5662
254.329 33.3102
255.659 33.259
256.402 33.1939
257.166 33.2334
254.184 32.9513
254.485 32.9369
254.82 33.0053
255.381 32.937
255.66 32.9288
256.155 33.0286
256.46 32.9317
256.794 32.9833
257.139 32.8728
257.463 32.9426
254.053 32.7572
254.845 32.6337
255.639 32.654
256.374 32.629
257.095 32.6899
253.936 32.443
254.828 32.3673
255.173 32.488
255.681 32.3766
255.96 32.2837
256.327 32.1712
256.601 32.3554
257.149 32.3691
257.452 32.2888
254.852 31.9694
255.512 32.0937
256.309 31.9895
257.063 32.0119
255.154 31.8029
255.574 31.6996
255.982 31.727
256.264 31.6679
256.605 31.7051
257.23 31.8027
257.412 31.6905
256.263 31.3663
256.365 31.1096
257.013 30.9611
257.323 31.0024
254.048 31.8742
266.785 41.9069
254.499 37.7456 262.656 221.405 9587.44
272.903 40.379
174.103 52.7308
267.196 45.2246
282.112 40.6358
245.285 36.7256
246.093 37.0195 132.079 107.875 4558.07
246.916 37.0615
247.618 37.0183 144.109 118.834 7201.82
248.494 36.9839 158.45 129.213 8892.75
249.196 36.9969 170.209 138.218 9766.36
250.126 37.1364 180.397 148.031 9431.13
250.975 36.8299 202.51 168.687 8606.85
252.466 36.9914
253.097 37.0138 238.663 203.962 9675.87
253.963 37.0361
254.948 37.0738
255.589 37.1388
249.215 32.3098
276.451 36.5439
245.461 36.4321 152.041 122.655 2113.63
246.035 36.4151
246.82 36.4182
247.708 36.428
248.87 36.1428 185.857 155.711 7912.08
249.338 36.5996 183.789 149.771 9337.32
250.13 36.4199 198.909 164.888 9320.97
250.792 36.2925 212.188 177.789 9297.14
251.48 36.3758 221.361 186.749 9065.78
252.342 36.4277
253.145 36.3773
253.808 36.3289
254.722 36.4093
255.592 36.3998
256.256 36.3945
245.149 35.7266 180.884 142.806 1560.91
246.016 35.8522
246.895 35.6339 184.331 153.437 5665.59
247.827 35.8191 185.016 154.525 6065.29
249.206 35.6218 203.654 173.671 7312.68
250.067 35.7113 215.169 181.737 8964.99
250.954 35.7147 229.607 193.706 9822.51
251.534 35.7992 236.028 200.285 9591.57
252.362 35.8054 248.598 212.983 8937.98
253.091 35.9138
253.817 35.7452
254.728 35.7259
255.384 35.8383
256.214 35.7964
269.482 32.2185
245.13 35.301 195.873 156.097 1386.24
246.115 35.099 192.078 164.363 3712.82
246.917 35.2127 194.899 165.412 5689.68
247.733 35.1787 201.058 172.291 6315.72
248.468 35.0951 209.778 180.936 6513.39
249.287 35.0789 221.26 189.427 6928.78
250.264 35.1181 232.505 198.807 8795.43
250.612 35.1118 237.356 203.097 9551.07
251.5 35.1259 251.813 215.018 10202.8
252.352 35.117 266.66 228.337 9740.68
253.133 35.0719 281.311 242.328 8683.99
253.85 35.1605
254.592 35.2106
255.539 35.2177
256.234 35.0891
256.937 35.0637
273.706 38.2289
261.219 34.7379
248.626 35.5169 199.595 170.471 6558.53
272.17 36.1297
246.17 34.5935 204.304 179.674 3268.92
247.109 34.4692 214.688 187.611 5532.37
247.763 34.4866 219.74 191.439 6268.94
248.559 34.4178 231.132 200.419 6595.13
249.194 34.3371 242.046 208.944 7001.94
250.05 34.5293 246.664 212.311 7806.54
250.71 34.4275 256.914 222.081 8480.31
251.502 34.5421 266.239 229.212 10096.2
252.214 34.4457 280.51 241.834 10373.5
252.99 34.5058
253.812 34.581
254.565 34.5646
255.338 34.5271
256.19 34.5508
256.903 34.6469
245.476 33.7503 237.81 202.341 1499.67
246.171 33.8142 232.165 202.488 2665.56
246.995 33.9383 230.653 202.002 4394.52
247.667 33.9535 234.676 205.402 5310.8
248.522 33.8798
249.156 33.6953 258.293 225.484 6204
249.966 33.7776
250.746 33.9571 271.123 234.979 8826.15
251.623 33.9085 285.075 246.701 9872.96
252.326 34.0087
253.035 33.937
253.079 34.0741
253.079 34.0739
253.945 33.9315
254.564 33.9257
255.307 33.9229
256.175 33.9232
256.837 33.8839
246.343 33.1999
247.054 33.3627 249.185 218.525 4375.44
247.842 33.2893 257.674 225.572 4985.87
248.573 33.341 262.158 230.068 5629.59
249.528 33.2969 274.232 239.704 6352.83
249.964 33.0851 285.804 250.103 6418.19
250.734 33.2921
251.408 33.1132
252.329 33.3086
253.036 33.2555
253.768 33.2621
254.635 33.3298
255.283 33.2797
256.02 33.2716
256.785 33.315
