239.64 39.8666 176.939 161.232 42579.3
242.779 40.4314 77.42 71.8476 26328.9
242.694 44.8525 166.656 146.896 85770.6
250.442 42.7667 177.044 156.559 159285
247.187 40.195 75.1925 67.8667 142912
242.88 45.2925 167.264 156.124 15188.5
243.732 45.3997 168.001 153.858 114856
244.674 45.1285 155.159 142.753 119924
245.767 45.0931 153.232 141.353 108451
246.54 45.2432 162.63 150.158 113994
247.511 45.166 170.144 156.206 105930
241.33 44.5191 171.509 155.76 51019
242.336 44.6653 162.712 145.725 154498
243.253 44.589 143.706 129.959 32847.2
243.987 44.7035 142.677 129.388 114401
245.145 44.5494 132.546 121.221 92051.7
245.745 44.5642 132.933 122.531 89397.4
246.633 44.6165 140.852 129.439 105259
247.356 44.6173 149.878 137.083 96204.9
248.752 44.7038 175.042 158.531 108082
245.586 43.5625 94.205 86.4605 95671
240.496 44.082 179.457 161.947 166446
241.431 43.9104 154.371 139.08 116810
242.259 43.9733 139.085 125.407 80646.2
243.197 44.086 132.487 117.103 70526.5
244.042 43.9121 113.484 112.072 87350
244.867 43.7945 103.308 104.089 74138.6
245.883 43.9146 109.447 100.094 88176.2
246.548 43.9286 116.344 106.007 92166.5
247.515 43.9997 132.845 119.591 88315.8
248.513 43.8756 144.385 121.735 60777.9
249.424 43.92 164.111 150.471 84506.4
239.847 43.2515 178.086 160.963 98801.1
240.689 43.3736 157.239 143.023 99942.1
241.526 43.358 138.001 124.761 138465
242.246 43.3471 122.368 110.081 117840
243.233 43.4275 106.207 105.739 79651.6
244.172 43.4151 93.5238 94.408 106244
244.902 43.25 81.7306 74.9193 69516.5
245.826 43.3979 89.3007 82.0784 91168
246.482 43.3234 94.7275 85.6505 84175.3
247.567 43.3998 113.411 103.156 61878.6
248.388 43.2741 128.08 115.55 111479
249.288 43.3629 151 137.418 56605.8
249.98 43.2112 169.424 151.772 162721
240.753 42.6912 145.693 130.677 111984
241.514 42.7308 125.113 112.524 103910
242.275 42.6996 105.281 94.6794 108430
243.13 42.7779 87.7266 89.649 114395
243.968 42.7713 73.5427 76.0737 68098.5
245.097 42.636 57.9524 53.2554 88267.1
245.916 42.6493 64.0485 58.0046 76944.3
246.824 42.5452 74.6514 67.9485 62590.5
247.469 42.6852 91.1827 84.0015 114503
248.412 42.8321 119.372 107.927 133677
249.08 42.7507 134.383 121.737 128368
249.958 42.6372 158.797 141.627 174646
240.66 42.0187 141.778 127.056 114271
241.656 42.1901 113.854 101.824 106410
242.333 42.0192 93.4734 82.9487 100009
243.529 42.0773 63.543 65.9993 106057
244.246 42.1669 49.6548 54.3391 66323.3
244.984 42.146 40.6087 36.14 79011.1
246.056 42.0886 46.9494 42.815 73197.7
246.76 42.0343 60.2835 55.167 88187.8
247.614 42.0041 81.8035 74.9107 138648
248.568 42.0149 109.882 99.1738 121245
249.127 42.0995 128.048 104.604 128601
249.964 41.9243 153.619 135.736 158286
250.643 42.1012 176.504 155.507 206688
240.829 41.3884 133.079 119.134 85073.6
241.621 41.4483 111.177 98.4411 81043.6
242.55 41.423 82.2558 82.9457 87646.2
243.46 41.522 55.7023 49.4213 94807.1
244.209 41.4311 34.4447 29.1065 123285
249.334 41.4729 132.381 117.221 132803
249.933 41.4272 152.926 133.743 178649
250.843 41.5047 180.401 148.733 128536
239.398 40.3453 179.461 161.659 52620.6
239.812 40.025 170.008 153.354 41911.3
239.775 39.6502 172.435 158.718 44677.3
239.959 39.4725 170.191 156.841 39805.6
240.165 40.7484 154.137 138.466 63454.3
241.029 40.7797 128.23 115.074 48113.9
241.866 40.7811 103.523 92.6153 37739.2
242.476 40.852 84.6609 85.5875 57000.9
243.492 40.7186 53.5431 50.1753 43961.2
245.796 40.8556 26.1181 23.9125 128479
247.48 40.8903 73.8018 66.6542 139091
250.327 40.9763 167.107 145.549 235491
250.823 40.8936 181.441 158.544 140175
240.173 40.165 159.036 142.601 35553.3
241.123 40.1614 128.778 116.979 59493.3
241.845 40.2903 107.364 97.4902 54623.6
242.81 40.1697 84.1966 75.0282 64131.9
243.5 40.2917 62.5265 56.3867 34643.3
245.255 40.2679 36.2952 34.6222 59223.8
250.876 40.2982 181.64 164.269 84557.8
240.102 39.6785 163.834 149.743 49474.7
241.111 39.5399 141.07 127.29 32890.3
241.92 39.6946 118.286 105.15 56280.2
242.861 39.5516 92.928 86.1279 55064
243.536 39.6202 76.5695 71.5653 48041.3
245.092 39.4731 68.0964 62.9137 56812.6
245.984 39.455 72.5686 67.2552 76177
246.931 39.5906 83.8311 76.3682 107371
248.34 39.6092 118.371 106.909 165430
249.754 39.6279 155.13 131.419 110002
241.192 38.9383 150.565 137.157 36082.7
242.068 38.8606 129.515 119.38 49711.6
242.818 38.834 114.257 106.46 40779.4
243.6 38.8247 103.071 94.8619 64978.3
244.346 38.8455 94.4986 86.8784 53771.2
245.17 39.04 85.345 78.1347 69927.1
245.98 38.9551 91.0054 83.484 65233
248.828 38.9176 146.284 131.86 126959
249.867 39.1025 167.218 151.61 199219
240.549 38.5226 177.477 161.686 52253.8
241.894 38.3489 148.119 136.226 48974
242.928 38.2397 132.264 122.273 62468.5
243.698 38.2886 121.676 111.28 66801.9
244.415 38.3489 110.998 103.273 64750.9
245.392 38.3281 113.537 103.805 82189.5
246.031 38.1802 118.094 110.333 89375.5
246.979 38.2987 124.198 115.237 93897.4
249.289 38.4187 167.311 142.434 84524.6
242.775 37.7243 153.139 141.163 74448.9
243.405 37.923 137.028 126.448 62824.5
244.253 37.6444 138.797 128.92 27758.8
245.151 37.6083 142.285 129.326 65080.9
246.14 37.5808 142.024 132.243 84878.3
247.637 37.6761 158.135 135.212 92912
248.404 37.7222 168.427 145.352 90572.1
244.78 37.2408 153.615 141.631 74805.6
245.285 36.7256 175.291 159.947 87383.6
246.093 37.0195 162.924 151.397 63677.3
246.916 37.0615 169.752 155.651 56414.2
243.86 44.932 151.534 137.696 95096.7
243.601 44.991 154.287 140.712 85618.2
243.336 45.045 158.192 144.063 76721.4
242.966 45.164 183.423 155.739 18943.7
242.494 44.8448 167.345 149.108 105776
242.076 44.538 159.53 145.679 118662
240.241 39.3104 171.328 153.56 55344.2
241.363 42.4339 125.093 112.106 99040.4
