247.187 40.195 75.1925 67.8667 142912
242.336 44.6653 162.712 145.725 154498
243.253 44.589 143.706 129.959 32847.2
246.824 42.5452 74.6514 67.9485 62590.5
248.412 42.8321 119.372 107.927 133677
241.621 41.4483 111.177 98.4411 81043.6
241.123 40.1614 128.778 116.979 59493.3
248.498 40.2067
250.876 40.2982 181.64 164.269 84557.8
240.102 39.6785 163.834 149.743 49474.7
247.621 38.9995
240.549 38.5226 177.477 161.686 52253.8
244.415 38.3489 110.998 103.273 64750.9
247.637 37.6761 158.135 135.212 92912
245.285 36.7256 175.291 159.947 87383.6
