239.64 39.8666 156.984 125.772 4239.42
242.779 40.4314 101.683 49.7205 3389.48
242.694 44.8525 147.265 114.909 7806.87
250.442 42.7667 137.388 143.725 5487.4
242.88 45.2925 157.214 125.437 6745.56
243.732 45.3997 161.25 123.521 4833.73
241.33 44.5191 153.467 123.419 10088.7
242.336 44.6653 143.082 113.524 8992.21
243.253 44.589 135.527 102.33 6189.07
243.987 44.7035 136.546 101.585 4515.95
240.496 44.082 156.282 127.364 10931
241.431 43.9104 136.144 107.831 9939.78
242.259 43.9733 123.664 97.117 9910.93
244.042 43.9121 106.472 108.435 4659.64
244.867 43.7945 105.518 102.585 2183.22
248.513 43.8756 102.581 94.8166 3215.77
249.424 43.92 127.239 139.541 4177.63
239.847 43.2515 156.13 126.015 11238.2
240.689 43.3736 140.044 110.689 10051.3
241.526 43.358 119.532 94.9248 11311.3
242.246 43.3471 106.929 83.3846 11101.7
243.233 43.4275 97.3571 101.926 9366.55
244.172 43.4151 94.7194 93.2148 4446
249.98 43.2112 129.279 138.64 5272.43
240.753 42.6912 124.781 98.984 10395.7
241.514 42.7308 107.156 84.8641 13042.6
242.275 42.6996 95.6737 70.4158 11111.4
243.13 42.7779 86.1084 87.197 8444.77
243.968 42.7713 73.8667 74.5246 6452.51
249.08 42.7507 104.403 115.424 6521.32
249.958 42.6372 122.989 132.081 6506.57
240.66 42.0187 119.237 94.5543 10115.6
241.656 42.1901 98.4137 75.2861 11681.3
242.333 42.0192 86.779 59.0266 8743.56
243.529 42.0773 57.3557 63.8833 13128.4
244.246 42.1669 46.7163 54.7879 14015.2
249.964 41.9243 118.198 127.14 7933.49
250.643 42.1012 141.739 143.356 7672.73
240.829 41.3884 110.092 88.1805 8243.01
242.55 41.423 78.3756 78.8429 6802.84
245.085 41.4157 83.7534 4.03606 3265.8
249.334 41.4729 102.359 112.674 9792.08
249.933 41.4272 115.48 125.332 9250.52
250.843 41.5047 147.284 116.586 6144.84
239.398 40.3453 160.384 126.244 6009.22
239.603 40.1808 154.341 121.824 5608.69
239.812 40.025 151.594 118.352 6061.56
239.775 39.6502 155.035 123.038 4328.67
239.959 39.4725 156.885 121.575 4860.91
240.165 40.7484 137.486 104.906 5878.5
241.866 40.7811 93.1878 67.1345 5902.68
242.476 40.852 84.5153 82.9415 4554.14
249.167 40.9425 100.991 110.507 10178.8
250.327 40.9763 134.978 136.587 10179
250.823 40.8936 149.405 148.216 10597.4
240.173 40.165 140.5 108.595 5133.73
241.123 40.1614 115.312 87.6907 4775.26
241.845 40.2903 97.4193 72.0543 5128.8
242.81 40.1697 88.0662 53.7311 2961.75
248.498 40.2067 93.5515 100.668 11971.9
249.262 40.1948 107.821 117.902 11889.7
249.992 40.2655 126.949 133.594 10757.6
250.876 40.2982 155.982 153.929 10556.5
240.102 39.6785 152.357 117.295 5161.25
241.92 39.6946 104.384 78.5803 3475.56
247.721 39.5708 88.3927 65.0595 9494.01
249.26 39.473 118.179 126.462 13340.1
245.98 38.9551 94.965 60.5955 3257.39
246.723 38.9882 87.0492 63.4566 6252.09
247.621 38.9995 95.5718 75.7373 11369.4
248.828 38.9176 118.408 127.693 12220.8
249.867 39.1025 142.365 144.219 11800.4
247.723 38.2108 112.951 95.7486 14754.7
248.517 38.2843 128.248 106.057 12214.3
249.289 38.4187 143.705 115.937 11507.8
247.637 37.6761 134.324 109.121 10342.2
248.404 37.7222 142.668 118.07 12943.2
245.285 36.7256 191.137 123.267 1997.58
246.093 37.0195 153.636 116.204 3709.88
243.86 44.932 145.224 108.735 3811.3
243.601 44.991 149.944 112.114 4713.81
243.336 45.045 149.413 115.426 6334.29
242.966 45.164 153.479 121.128 7064.04
242.494 44.8448 147.473 116.573 8158.71
242.076 44.538 142.492 113.27 9433.2
240.241 39.3104 158.151 119.427 4239.98
241.363 42.4339 105.879 83.8478 12574.1
