242.895 32.8889 245.801 226.815 1514.36
246.233 32.7683 267.787 233.774 2486.86
247.117 32.7513 264.996 236.543 3960.25
247.772 32.7006 271.432 241.664 4867.68
248.296 32.5618 280.062 249.476 5137.17
249.261 32.5716 290.396 257.452 6049.63
250.03 32.6399 299.703 263.127 6418.76
250.697 32.7663 304.318 266.483 7017
251.367 32.5466 318.54 279.922 7673.74
252.215 32.5324 330.352 290.335 8713.69
252.999 32.6995 336.52 296.134 8984.92
247.189 31.9559 293.311 260.529 3619.25
248.543 32.0022 297.673 267.121 5066.33
249.184 31.7748 311.94 278.736 5737.58
249.954 31.9737 315.979 280.553 6903.17
250.741 31.9989 324.881 287.906 7643.68
251.473 31.9041 336.212 298.551 7914.4
252.222 32.0094 343.461 304.229 8384.91
252.899 32.1046 350.504 310.116 8617.74
250.009 31.439 331.754 295.698 6972.34
250.719 31.3757 341.838 304.417 7810.25
251.472 31.3369 351.706 313.317 7960.74
237.915 48.9983 291.809 260.097 6995.13
238.52 49.0983 286.34 255.545 6616.19
239.616 49.048 274.841 243.679 5725.26
240.728 48.9534 261.891 230.611 5075.33
241.415 48.9752 259.624 226.033 4671.97
242.441 48.9813 253.061 220.477 3545.96
244.347 48.9339 248.418 212.761 2221.31
245.587 48.933 254.002 214.232 1736.75
276.343 42.3012 723.716 681.295 3744.55
277.018 40.2319 755.65 706.011 4122.89
183.316 51.8823 1249.24 1242.04 10879.7
264.138 48.2977 466.63 454.266 2688.46
236.405 44.4104 235.495 200.029 9052.12
258.319 34.8837 396.091 383.396 8204.15
253.543 34.946 293.702 252.067 71745.5
238.516 48.5183 274.244 242.155 7756.35
239.88 48.4607 255.524 225.617 5526.58
240.667 48.3584 247.335 215.435 5415.56
241.851 48.4226 241.66 208.491 4546.79
242.775 48.2995 231.185 199.558 3672.13
243.633 48.4366 235.657 200.312 2709.18
244.411 48.4694 234.458 199.125 2481.57
245.532 48.3739 250.264 199.631 1682.64
239.64 39.8666 143.443 117.065 4149.3
284.014 42.1993 901.854 838.041 4902.64
279.58 37.2113 844.679 787.641 5852.06
242.694 44.8525 132.147 106.81 6546.82
272.949 31.1687 769.585 726.214 6245.34
250.442 42.7667 133.815 147.122 4191.91
238.311 47.6947 258.401 226.064 8480.55
239.106 47.923 252.295 221.155 7585.04
239.939 47.6902 236.315 206.037 5994.34
240.955 47.7849 229.759 198.523 5355.84
241.726 47.8006 223.676 192.831 4895.04
242.692 47.8192 219.24 186.968 3664.67
245.426 47.6795 224.305 178.211 1651.52
246.253 47.7687 240.018 185.632 1565.36
260.263 38.814 383.465 368.863 8077.51
282.627 38.2046 902.342 840.193 4171.45
268.755 38.0557 582.787 551.865 5613.64
239.613 38.0345 177.374 140.061 1308.11
282.11 35.2393 926.852 861.812 6255.19
212.138 64.8736 940.589 911.72 725.43
236.695 44.5855 230.821 196.398 9242.27
237.197 47.1109 262.12 229.648 9363.34
238.011 47.1881 252.2 219.797 9550.69
239.156 47.1935 232.912 204.067 7990.94
240.027 47.1936 223.139 193.378 6732.02
241.079 47.0573 207.765 179.036 5810.93
241.691 47.0615 203.495 173.559 5012.85
242.724 47.0547 195.499 165.205 3653.73
243.665 47.0477 191.099 159.983 3322.82
245.541 47.0943 210.634 162.05 1564.44
255.804 48.4702 329.313 327.882 111245
278.567 28.1103 944.452 887.526 5622.22
236.437 46.5459 263.951 230.753 8391.55
239.021 46.5433 219.766 192.213 8539.78
240.145 46.5585 205.519 177.306 7662.82
240.94 46.4911 194.435 166.247 6883.51
241.854 46.5139 188.297 157.647 5775.22
242.89 46.485 179.386 147.844 4899.52
263.386 43.7337 435.501 415.912 1392.72
218.842 64.7774 869.851 845.144 5227.08
280.011 42.1175 814.138 757.59 4137.36
268.505 47.9462 553.038 527.568 2511.77
236.441 45.9306 254.384 220.435 9162.41
237.581 45.9325 234.333 201.641 9326.79
239.218 45.7664 200.259 172.668 7942.33
240.072 45.8951 190.864 163.122 7679.58
241.223 45.7971 175.187 146.011 7446.54
242.091 45.7087 163.46 134.182 6842.96
242.772 45.9734 164.97 135.407 6004.04
250.284 45.9046 195.951 202.921 1802.62
236.363 45.0404 244.253 208.642 9275.92
237.539 44.407 211.551 178.523 9900.15
237.937 47.8634 267.031 234.542 8195.54
237.354 47.8872 275.978 242.944 8137.09
237.421 47.4009 264.495 232.115 8806.42
237.148 46.6619 255.198 221.868 9354.46
236.824 46.0753 249.705 216.502 8795.23
236.784 45.8811 247.748 213.758 9112.18
237.541 45.7151 230.502 198.397 8806.15
236.711 45.296 241.054 205.997 9077.54
236.927 44.8384 229.43 195.387 9480.81
236.98 44.1399 219.623 185.562 9302.66
237.553 43.7824 203.015 170.621 9498.92
236.651 43.6971 221.56 187.404 9411.62
236.193 43.5362 228.901 195.108 8441.73
235.94 42.9094 229.295 195.611 7654.99
236.628 42.7859 213.071 180.396 8165.7
235.934 42.5575 229.733 196.502 7269.27
237.173 42.2556 200.089 165.955 8616.78
237.522 45.2059 222.664 190.125 9323.96
238.683 45.2422 199.369 171.12 9267.84
239.365 45.2357 188.043 159.588 8959.08
240.331 45.2664 174.142 145.409 8495.52
241.04 45.2904 165.33 136.301 8348.71
242.22 45.2781 151.147 122.621 7282.62
242.88 45.2925 143.555 116.712 6231.94
243.732 45.3997 141.929 113.922 4696.23
250.437 45.3171 181.623 191.248 2062.73
245.173 33.0515 269.233 224.611 1397.83
275.383 44.8245 694.274 653.273 4136.62
276.533 33.4112 814.001 764.376 15786.1
242.634 36.9961 116.344 149.611 1507.45
237.814 44.6837 210.066 177.25 10054.7
239.665 44.7344 174.92 145.521 9779.12
240.435 44.5913 157.952 129.883 9025.8
241.33 44.5191 141.66 115.005 8495.48
242.336 44.6653 130.713 105.776 7545.03
243.253 44.589 120.634 94.8207 5744.97
243.987 44.7035 120.625 93.1678 4444.32
240.467 46.3925 196.682 169.447 7535.27
270.706 40.5559 605.45 573.893 4369.43
243.665 34.8294 188.349 209.504 1466.02
264.162 29.9618 605.476 578.366 6545.86
237.043 42.6071 203.79 170.263 8025.59
239.789 43.9437 156.949 129.319 9366.15
240.496 44.082 145.519 119.211 9524.66
241.431 43.9104 125.46 100.737 9072
242.259 43.9733 117.046 89.9511 8499.65
244.042 43.9121 102.375 109.915 4284.07
244.867 43.7945 99.4786 102.4 1870.43
249.424 43.92 126.739 144.674 2899.36
254.387 39.7997 236.316 196.616 10417.7
239.847 43.2515 143.392 117.657 9682.97
240.689 43.3736 127.732 103.58 9677.63
241.526 43.358 114.511 88.2117 9851.36
242.246 43.3471 104.588 76.1739 8770.65
243.233 43.4275 93.6286 103.694 7002.77
244.172 43.4151 82.9498 93.5344 3985.69
249.98 43.2112 130.586 142.4 3794.06
260.198 30.4794 516.661 497.602 6733.28
269.752 42.9142 579.89 545.35 3235.41
239.107 42.7258 154.647 127.018 9028.55
240.753 42.6912 117.705 92.6235 9933.44
241.514 42.7308 105.375 77.9647 9854.68
242.275 42.6996 91.0702 62.3272 8525.56
243.13 42.7779 76.1511 88.7405 7888.46
243.968 42.7713 63.7148 76.718 7964.68
249.08 42.7507 108.61 118.451 3912.01
249.958 42.6372 125.931 135.043 4382.34
251.153 42.8247 149.281 161.205 4468
251.658 42.6579 162.363 169.941 5089.27
207.417 57.7828 871.756 864.978 11519.3
263.391 39.1009 449.911 431.804 6282.2
262.107 27.5459 616.671 592.714 6019.89
241.656 42.1901 96.7074 67.7322 8627.06
242.333 42.0192 77.7929 50.7725 7913.64
243.529 42.0773 50.2864 67.5396 11931.2
244.246 42.1669 42.2327 58.4995 10575.8
249.964 41.9243 117.836 130.348 5315.76
250.643 42.1012 133.128 145.65 5784.71
251.66 42.0073 155.106 166.407 6059.28
252.63 41.9641 180.828 186.905 5313.2
253.566 42.031 204.493 207.635 4873.59
253.777 46.6885 260.738 265.19 2190.61
288.074 44.2401 967.099 906.096 4223.46
285.417 44.6197 908.743 850.741 3301.53
240.829 41.3884 109.494 81.5756 7774.93
242.55 41.423 67.8843 80.7562 8138.22
249.334 41.4729 106.414 115.564 6048.97
249.933 41.4272 117.066 128.59 6455.26
251.814 41.4906 159.013 169.232 6302.38
252.637 41.6067 183.082 187.039 5631.55
253.404 41.4033 204.638 205.121 6085.07
236.17 44.0035 234.93 200.008 9152.84
237.12 38.1448 216.751 187.899 3052.86
280.154 39.6581 828.781 774.95 3894.58
236.597 41.7752 212.154 176.987 8684.29
237.663 41.6898 185.606 153.365 8364.58
236.119 41.702 221.66 186.787 6923.85
236.486 41.355 211.554 178.585 7797.8
237.948 41.526 180.848 147.228 8351.63
238.305 41.342 170.756 139.062 7390.53
236.695 40.222 208.837 176.763 4984.66
237.274 41.086 195.87 161.583 8045.69
237.538 40.9591 189.771 155.925 7051.23
238.63 41.056 160.57 131.388 6527.97
237.502 40.104 193.699 159.636 5056.68
237.082 40.764 198.63 165.745 6775.86
238.104 41.006 176.219 143.488 6934.73
238.316 40.81 172.763 139.316 6644.48
237.913 40.577 179.996 148.113 6132
238.978 40.729 152.632 124.258 5946.43
238.198 40.295 179.304 143.387 5932.97
236.845 40.453 203.661 172.006 5738.29
236.859 41.142 204.349 170.552 7637.69
236.435 40.843 214.568 180.499 6023.9
236.053 40.722 223.388 189.745 5187.74
236.141 40.5907 223.38 188.326 5220.48
236.198 40.483 220.639 187.155 5000.89
235.873 40.483 231.272 231.355 5216.88
236.252 40.483 219.76 186.372 5340.83
236.346 40.285 216.398 184.485 5057.67
236.497 40.101 212.952 181.822 4702.12
236.406 40.1882 214.556 183.273 4896.04
236.727 39.7145 215.973 180.669 3583.64
236.825 39.5703 217.318 180.341 4080.86
236.813 39.4928 218.355 181.416 4006.32
237.04 39.4666 216.567 213.189 3804.09
237.032 39.196 214.629 179.32 3594.97
237.189 39.1124 207.985 176.301 3852.21
236.281 39.8633 219.831 188.28 3674.78
236.525 39.622 223.419 186.376 3961.36
236.622 39.0132 227.281 190.43 4430.05
237.704 39.532 191.596 160.011 3817.23
237.478 39.3154 198.585 167.307 3808.58
237.845 39.2751 190.193 159.757 4027.82
237.858 39.0049 189.78 162.273 3735.4
239.398 40.3453 144.338 116.696 5265.97
238.828 40.1096 161.612 130.694 5106.71
238.473 39.719 174.725 141.774 4737.6
239.603 40.1808 137.662 113.215 5168.12
239.812 40.025 133.032 109.667 4888.79
239.359 40.0112 150.977 120.331 4719.02
239.286 39.8043 152.407 123.449 4987.28
238.837 39.3837 169.258 137.11 3942.29
239.775 39.6502 138.414 114.422 3841.07
239.959 39.4725 136.58 112.256 3587.91
266.423 34.5454 575.102 544.708 7381.69
242.805 33.6 224.95 207.311 1447.4
251.501 37.2103 202.551 170.149 8440.88
240.165 40.7484 121.916 97.2938 6510.66
241.866 40.7811 90.4385 58.5915 4547.4
242.476 40.852 73.2523 83.7085 4223.14
249.167 40.9425 104.433 112.866 6807.57
250.327 40.9763 127.068 138.902 7994.49
250.823 40.8936 137.668 150.048 8324.09
251.737 40.8338 160.404 169.665 8159.57
252.48 40.76 181.747 186.348 7680.58
253.546 40.8023 208.869 210.896 7641.9
265.339 31.7598 600.638 569.25 7963.32
242.877 48.2642 230.075 198.034 3530.51
279.822 33.1067 895.854 838.089 6095.98
236.131 47.3917 285.375 251.356 8309.9
240.173 40.165 125.351 100.712 4989.48
241.845 40.2903 96.1291 63.7854 3516.19
242.81 40.1697 76.375 42.8827 1929.69
247.531 40.2807 62.6201 81.1762 9234.6
248.498 40.2067 91.1763 103.035 8017.86
249.262 40.1948 111.261 120.783 8684.97
249.992 40.2655 125.86 136.327 8886.3
250.876 40.2982 144.299 154.624 8769.86
251.758 40.1348 167.158 174.289 8516.95
252.53 40.2149 188.611 191.143 8744.72
257.967 40.9451 315.057 305.872 5083.88
241.276 34.6145 205.488 224.641 955.386
270.591 34.5118 666.868 628.574 6639.15
240.102 39.6785 134.253 107.282 3843.86
241.92 39.6946 105.22 70.4902 2442.4
247.721 39.5708 85.3947 57.4527 7789.35
249.26 39.473 117.75 129.724 10327.9
251.019 39.6333 152.652 163.298 8843.61
251.609 39.4998 169.984 176.558 8791.79
252.551 39.524 195.724 157.672 9307.2
286.092 41.0056 957.252 888.581 4461.72
245.858 34.3034 214.403 187.05 2545.85
290.708 45.2644 1011.59 948.991 3454.81
246.723 38.9882 82.4267 56.4583 5934.23
247.621 38.9995 96.3227 68.5356 7946.17
248.828 38.9176 119.327 131.072 10613.7
249.867 39.1025 132.279 146.582 10176.2
250.737 38.9553 152.959 125.101 9547.64
251.704 38.9541 178.498 144.961 8377.42
252.426 38.8347 199.529 162.417 9162.75
253.09 38.8627 214.502 177.142 10260.5
247.723 38.2108 115.275 89.9857 10661.1
248.517 38.2843 125.57 99.7813 11179.7
249.289 38.4187 133.808 108.333 10444.5
250.106 38.3862 149.401 122.417 9247.11
250.739 38.2916 164.719 135.252 9041.19
251.621 38.1888 185.064 153.989 8949.32
252.45 38.3685 203.199 169.16 8739.93
253.244 38.2289 225.264 188.35 10016.4
250.733 45.1221 180.14 190.931 2226.71
255.964 44.1212 271.941 269.237 459.776
246.832 37.7601 115.666 91.887 6978.26
247.637 37.6761 126.629 102.337 9352.76
248.404 37.7222 137.121 110.653 10728.1
249.198 37.6354 152.796 123.347 10721.3
250.005 37.6903 164.241 134.491 9531.71
250.863 37.7459 180.335 147.61 8380.35
241.453 32.9799 249.443 271.775 878.602
266.785 41.9069 516.163 487.034 4455.48
254.499 37.7456 262.656 221.405 9587.44
282.112 40.6358 864.99 811.117 416.083
246.093 37.0195 132.079 107.875 4558.07
247.618 37.0183 144.109 118.834 7201.82
248.494 36.9839 158.45 129.213 8892.75
249.196 36.9969 170.209 138.218 9766.36
250.126 37.1364 180.397 148.031 9431.13
250.975 36.8299 202.51 168.687 8606.85
253.097 37.0138 238.663 203.962 9675.87
236 44.6764 246.294 210.871 8711.55
249.215 32.3098 297.689 264.144 5824.76
245.461 36.4321 152.041 122.655 2113.63
248.87 36.1428 185.857 155.711 7912.08
249.338 36.5996 183.789 149.771 9337.32
250.13 36.4199 198.909 164.888 9320.97
250.792 36.2925 212.188 177.789 9297.14
251.48 36.3758 221.361 186.749 9065.78
245.149 35.7266 180.884 142.806 1560.91
246.895 35.6339 184.331 153.437 5665.59
247.827 35.8191 185.016 154.525 6065.29
249.206 35.6218 203.654 173.671 7312.68
250.067 35.7113 215.169 181.737 8964.99
250.954 35.7147 229.607 193.706 9822.51
251.534 35.7992 236.028 200.285 9591.57
252.362 35.8054 248.598 212.983 8937.98
269.482 32.2185 680.135 642.193 7241
243.86 44.932 126.646 100.486 4524.11
243.601 44.991 130.333 103.723 4871.21
243.336 45.045 133.671 106.972 5744.41
242.966 45.164 138.895 112.645 6242.47
242.641 45.427 150.829 122.278 6589.15
242.193 45.504 157.6 128.183 7176.84
242.319 45.64 159.734 130.449 6780
242.452 45.805 163.163 133.571 6258.96
245.13 35.301 195.873 156.097 1386.24
242.536 45.953 167.139 136.884 6061.15
246.115 35.099 192.078 164.363 3712.82
246.917 35.2127 194.899 165.412 5689.68
242.501 46.269 177.844 145.294 5761.78
247.733 35.1787 201.058 172.291 6315.72
248.468 35.0951 209.778 180.936 6513.39
242.356 46.512 183.489 152.738 5288.14
249.287 35.0789 221.26 189.427 6928.78
242.281 46.62 187.138 156.469 4944.34
250.264 35.1181 232.505 198.807 8795.43
250.612 35.1118 237.356 203.097 9551.07
242.494 44.8448 133.372 108.606 6990.86
251.5 35.1259 251.813 215.018 10202.8
242.076 44.538 130.798 105.686 8055.38
252.352 35.117 266.66 228.337 9740.68
253.133 35.0719 281.311 242.328 8683.99
273.706 38.2289 700.726 651.417 3981.95
237.459 40.5799 190.856 158.092 6246.15
261.219 34.7379 461.034 442.037 163.009
227.653 56.4191 638.992 594.723 1.06545e+07
248.626 35.5169 199.595 170.471 6558.53
241.363 42.4339 104.564 76.8314 9471.15
272.17 36.1297 684.07 642.186 5964.17
246.17 34.5935 204.304 179.674 3268.92
247.109 34.4692 214.688 187.611 5532.37
247.763 34.4866 219.74 191.439 6268.94
248.559 34.4178 231.132 200.419 6595.13
249.194 34.3371 242.046 208.944 7001.94
250.05 34.5293 246.664 212.311 7806.54
250.71 34.4275 256.914 222.081 8480.31
251.502 34.5421 266.239 229.212 10096.2
252.214 34.4457 280.51 241.834 10373.5
252.99 34.5058 293.047 252.74 9307
245.476 33.7503 237.81 202.341 1499.67
246.171 33.8142 232.165 202.488 2665.56
246.995 33.9383 230.653 202.002 4394.52
247.667 33.9535 234.676 205.402 5310.8
249.156 33.6953 258.293 225.484 6204
250.746 33.9571 271.123 234.979 8826.15
251.623 33.9085 285.075 246.701 9872.96
252.326 34.0087 294.216 254.162 10356.4
253.079 34.0739 304.86 264.011 9559.39
235.907 44.2982 242.71 208.23 8423.92
247.054 33.3627 249.185 218.525 4375.44
247.842 33.2893 257.674 225.572 4985.87
248.573 33.341 262.158 230.068 5629.59
249.528 33.2969 274.232 239.704 6352.83
249.964 33.0851 285.804 250.103 6418.19
250.734 33.2921 288.912 252.434 7997.98
251.408 33.1132 303.337 264.933 8035.1
