242.895 32.8889 330.445 267.447 27292.1
245.42 32.5356 339.812 286.537 14712.5
246.233 32.7683 328.957 281.178 15577.9
247.117 32.7513 329.743 269.955 30793.6
248.296 32.5618 335.154 284.154 25194
249.261 32.5716 337.507 295.391 18386.5
250.03 32.6399 343.893 300.942 22355.7
250.697 32.7663 353.145 305.643 37066.3
251.367 32.5466 372.485 321.728 41219
252.215 32.5324 388.675 334.751 39747.5
252.999 32.6995 398.895 342.346 30668.7
247.189 31.9559 362.703 294.855 39523.6
248.543 32.0022 359.49 303.346 27054.9
249.184 31.7748 365.262 318.212 16184.4
249.954 31.9737 368.452 320.945 27227.2
250.741 31.9989 376.71 328.743 31876
251.473 31.9041 400.124 341.376 38114.3
252.222 32.0094 404.187 349.747 41740.5
252.899 32.1046 413.694 357.507 32305.9
250.009 31.439 386.59 337.907 28860.2
250.719 31.3757 398.198 347.502 25043.9
251.472 31.3369 416.948 357.85 34783.9
237.915 48.9983 365.521 309.098 28440.2
238.52 49.0983 356.688 302.866 15933.2
239.616 49.048 340.241 288.644 19668.4
240.728 48.9534 327.04 275.557 25070.2
241.415 48.9752 311.803 270.451 26992.2
242.441 48.9813 304.868 265.372 25797.8
243.637 48.958 292.482 262.222 29692.1
244.347 48.9339 296.786 261.075 33437.1
245.587 48.933 297.51 261.292 35416.1
246.578 48.9725 301.225 265.153 33400.6
247.267 48.9777 303.974 267.657 30364.2
248.403 48.9482 308.361 272.442 33870.5
249.301 48.9448 316.611 278.113 32884
250.154 48.9198 320.557 285.645 29601.5
276.343 42.3012 873.562 766.387 81107.5
277.018 40.2319 891.452 796.871 60785
242.566 34.5505 274.062 233.976 23610.7
264.138 48.2977 571.481 504.029 53261.7
236.405 44.4104 289.675 244.589 14088.2
258.319 34.8837 448.785 412.604 39866.9
253.543 34.946 338.843 292.172 224527
241.17 35.1269 268.33 232.732 35653.2
238.516 48.5183 342.486 288.818 23494.3
239.88 48.4607 318.256 269.184 20229.5
240.667 48.3584 306.342 258.483 20784.6
241.851 48.4226 288.564 250.373 27714.1
242.775 48.2995 277.139 242.328 25272.5
243.633 48.4366 276.354 245.004 21828.1
244.411 48.4694 280.856 245.824 35006.8
245.532 48.3739 275.762 242.507 35330.5
246.727 48.3609 278.921 245.599 29475.4
247.438 48.3129 279.237 247.461 28852
248.293 48.4128 290.191 255.324 31315.1
249.201 48.2921 292.48 257.984 30896.4
250.223 48.3943 303.754 271.949 36373.2
243.079 34.2623 280.319 239.152 28327
244.546 33.6552 297.125 251.317 31264.4
239.64 39.8666 183.961 150.132 14070.1
244.002 34.0006 285.279 242.357 30417.6
242.341 34.2388 288.599 245.961 27189
284.014 42.1993 1058.42 944.765 133715
279.58 37.2113 995.429 888.011 144241
242.779 40.4314 81.4151 65.4236 22760
242.694 44.8525 163.291 136.186 25081.7
248.37 45.597 190.925 170.816 26825.5
272.949 31.1687 933.934 823.538 92887.6
250.442 42.7667 164.103 147.718 35408.8
238.311 47.6947 320.315 270.203 29435
239.106 47.923 315.723 265.224 21634.2
239.939 47.6902 295.406 247.705 17663.9
240.955 47.7849 284.399 239.516 21450.8
241.726 47.8006 270.822 232.708 26465.3
242.692 47.8192 259.693 227.387 23864.7
244.525 47.7092 249.741 220.445 32503.2
245.426 47.6795 250.275 219.522 36613.1
246.253 47.7687 255.587 224.557 33002.1
247.393 47.775 261.093 230.227 27176.4
248.254 47.8012 268.628 236.235 32456.4
249.237 47.6327 269.185 239.352 29537.8
260.263 38.814 445.58 404.564 35982.8
282.627 38.2046 1058.48 950.03 64408.9
268.755 38.0557 697.163 615.214 24944.6
241.585 33.4019 331.417 279.086 15505.1
239.613 38.0345 211.352 179.125 23736.2
282.11 35.2393 1084.15 971.288 184555
212.138 64.8736 1123.95 979.566 8691.16
236.695 44.5855 285.324 240.714 16430.6
241.92 36.4399 213.429 184.384 29390
237.197 47.1109 322.76 275.812 11041.5
238.011 47.1881 313.572 264.048 24705.4
239.156 47.1935 295.567 245.947 25147.3
240.027 47.1936 277.154 233.548 22547
241.079 47.0573 260.659 218.046 18891.3
241.691 47.0615 253.141 211.824 25872.2
242.724 47.0547 233.744 203.743 27373.4
243.665 47.0477 226.058 199.308 25769.8
245.541 47.0943 228.553 200.495 38265.9
246.494 47.0816 230.69 202.836 29307.2
247.48 47.0418 235.355 207.351 30835.1
248.451 47.0308 243.41 214.445 35705.2
249.313 47.1523 251.963 226.82 27414.9
250.198 47.1961 267.811 237.886 29182.2
244.619 34.6375 258.226 219.242 27422.6
241.666 34.2535 293.856 252.113 20871.7
255.804 48.4702 391.292 352.954 1.7227e+06
243.899 32.6591 337.391 285.477 24593.2
278.567 28.1103 1142.21 1006.89 92717.3
236.437 46.5459 321.681 275.739 19670.2
239.021 46.5433 276.979 232.271 16844.1
240.145 46.5585 257.548 215.847 24699.9
240.94 46.4911 241.265 203.448 19968.5
241.854 46.5139 232.456 194.773 25237.8
242.89 46.485 209.92 184.83 25840.6
243.791 46.3559 199.5 176.491 23261.9
245.812 46.4423 203.879 179.264 32943.1
246.507 46.4162 206.111 181.307 28703.3
247.359 46.4246 211.751 186.494 30408.1
248.324 46.5336 223.189 198.206 36129.2
249.142 46.462 228.056 205.068 24369
250.086 46.5663 246.009 219.281 29205.6
263.386 43.7337 518.426 459.559 22600.6
242.006 34.8811 268.992 229.7 27914.9
218.842 64.7774 1028.37 907.678 50054
250.245 48.024 292.891 261.955 38893.9
280.011 42.1175 963.095 852.541 116209
268.505 47.9462 658.48 588.507 36508.9
236.441 45.9306 312.482 265.681 29803
237.581 45.9325 286.478 242.447 22513.7
239.218 45.7664 253.925 210.258 15364.3
240.072 45.8951 241.046 200.361 17751.6
241.223 45.7971 215.168 181.193 23714.2
242.091 45.7087 201.798 167.913 20253.1
242.772 45.9734 195.954 169.613 24056.7
243.845 45.8883 181.72 161.882 22412.5
244.745 45.7565 177.869 155.681 27781.5
245.668 45.7893 177.568 157.214 28937.1
246.63 45.8122 184.296 162 25338.8
247.507 45.8409 191.353 169.839 34257.5
248.374 45.7843 196.951 176.224 25002
249.341 45.9054 214.972 191.704 33106.5
250.284 45.9046 222.205 205.329 18076.4
236.363 45.0404 301.085 254.26 22619.1
237.539 44.407 262.487 219.584 16541.8
237.937 47.8634 330.314 279.793 18946.1
237.354 47.8872 346.055 291.182 20089.7
237.421 47.4009 327.021 278.339 15883.8
237.148 46.6619 315.977 265.944 12500.1
236.824 46.0753 305.029 259.681 20179.2
236.784 45.8811 302.847 257.597 21102.9
237.541 45.7151 282.953 239.243 25403.5
236.711 45.296 297.259 250.138 21566.9
236.927 44.8384 283.498 238.94 19371.4
236.98 44.1399 272.722 227.808 14390.6
237.553 43.7824 254.266 211.005 17177.2
236.651 43.6971 277.144 230.667 19591
236.193 43.5362 288.524 240.324 22665.3
235.94 42.9094 290.498 241.142 23930.8
236.628 42.7859 268.574 223.121 26440.9
235.934 42.5575 291.9 241.956 25105
237.173 42.2556 250.221 206.485 19281.1
241.706 33.7126 320.245 268.145 19181.2
243.137 36.4672 196.204 168.756 28466.5
237.522 45.2059 275.991 231.627 27458
238.683 45.2422 247.881 208.562 23558.4
239.365 45.2357 232.145 195.498 22213.6
240.331 45.2664 220.016 180.599 15378.9
241.04 45.2904 205.836 170.805 20894.6
242.22 45.2781 184.713 153.992 23451.8
242.88 45.2925 174.222 148.023 26273.6
243.732 45.3997 167.277 146.12 27323.1
244.674 45.1285 156.142 134.829 26050.5
245.767 45.0931 150.892 134.286 29312.6
246.54 45.2432 162.058 143.038 31474.9
247.511 45.166 167.083 148.919 29972.1
248.195 45.2285 176.232 158.14 29356.4
249.26 45.3212 194.923 174.675 24797.5
250.437 45.3171 217.208 195.184 26053.2
245.173 33.0515 319.723 270.187 13867.9
275.383 44.8245 823.862 733.346 64997.3
244.34 34.7846 254.097 215.394 29672.3
276.533 33.4112 959.392 858.223 209552
242.634 36.9961 184.312 157.508 28242.3
243.194 35.3018 241.682 205.141 23819.2
237.814 44.6837 260.95 218.099 25909.1
239.665 44.7344 216.103 179.957 25314
240.435 44.5913 194.986 162.377 22463.2
241.33 44.5191 177.149 145.801 13928.6
242.336 44.6653 166.096 135.784 21769.8
243.253 44.589 143.428 122.813 28847.3
243.987 44.7035 142.912 122.139 25529
245.145 44.5494 128.936 115.227 25371.4
245.745 44.5642 130.256 116.694 32341.5
246.633 44.6165 138.084 123.471 26276
247.356 44.6173 146.053 130.438 28909.5
248.752 44.7038 167.769 151.057 27576.5
240.467 46.3925 246.952 206.953 23060.6
270.706 40.5559 719.248 643.11 52807.1
243.665 34.8294 255.385 216.973 29600.7
264.162 29.9618 727.787 643.013 56313.3
245.586 43.5625 90.5897 82.5921 27860
237.043 42.6071 254.739 211.819 22023.3
239.789 43.9437 198.676 163.766 20273.9
240.496 44.082 183.35 151.327 28570.2
241.431 43.9104 158.334 129.8 26404.5
242.259 43.9733 144.973 117.179 14378.7
243.197 44.086 131.711 109.233 23053.5
244.042 43.9121 113.316 112.099 25473.3
244.867 43.7945 103.489 104.965 22860.9
245.883 43.9146 105.077 95.6974 27630.4
246.548 43.9286 112.72 100.958 29148.3
247.515 43.9997 126.188 113.621 25638.9
248.513 43.8756 137.253 109.403 18524.7
249.424 43.92 157.982 143.614 25760.2
250.183 43.7013 176.946 139.575 24184.6
244.855 34.1574 278.347 234.289 21514.1
241.526 35.6628 245.643 212.113 27548.1
254.387 39.7997 266.433 231.856 25491.3
239.847 43.2515 184.696 150.185 21355.8
240.689 43.3736 164.937 134.06 17696.4
241.526 43.358 144.228 116.574 21564.5
242.246 43.3471 127.129 102.854 22019.5
243.233 43.4275 111.31 104.741 14265.6
244.172 43.4151 94.0813 95.4156 25053.3
244.902 43.25 80.749 71.1304 20212.9
245.826 43.3979 85.3224 78.3164 26154.7
246.482 43.3234 90.8033 81.5 27914.3
247.567 43.3998 110.027 98.2321 19156.7
248.388 43.2741 120.666 110.086 22060.4
249.288 43.3629 146.745 130.244 15978
249.98 43.2112 161.081 142.995 34579.5
260.198 30.4794 600.616 543.488 27812.4
269.752 42.9142 695.685 610.55 75404
239.107 42.7258 199.718 162.294 22659.9
240.753 42.6912 150.777 121.545 20673
241.514 42.7308 131.543 104.903 22160.7
242.275 42.6996 111.102 88.0208 21086.6
243.13 42.7779 94.232 89.9615 20085.8
243.968 42.7713 77.6029 77.2977 19326.9
245.916 42.6493 61.2981 55.1185 23954.7
248.412 42.8321 114.557 102.149 28630
249.08 42.7507 128.679 115.286 32615.2
249.958 42.6372 147.541 133.61 33628.5
251.153 42.8247 181.888 164.103 36236.5
251.658 42.6579 194.624 174.599 28752.3
207.417 57.7828 1076.77 920.548 32521.9
263.391 39.1009 532.366 475.215 33458.8
262.107 27.5459 781.575 657.286 24151.1
240.66 42.0187 147.821 117.581 25715
241.656 42.1901 120.04 93.964 22507.9
242.333 42.0192 98.1509 76.2633 21000.5
243.529 42.0773 68.5584 67.295 21691.6
244.246 42.1669 55.928 56.3998 20041.5
244.984 42.146 46.5907 33.4189 17531.9
248.568 42.0149 104.705 94.1839 25122.8
249.127 42.0995 118.848 92.3634 34924
249.964 41.9243 140.959 127.666 27525.5
250.643 42.1012 162.493 146.419 31885.8
251.66 42.0073 190.862 171.318 42354.6
252.63 41.9641 222.679 197.074 21346.3
253.566 42.031 247.625 221.81 38170.7
253.777 46.6885 315.483 281.729 22079.6
288.074 44.2401 1148.09 1020.62 77908
240.934 34.1082 310.51 266.237 36250.2
285.417 44.6197 1035.01 947.239 56138.3
240.829 41.3884 138.228 109.967 23386.6
241.621 41.4483 116.721 89.8918 21591
242.55 41.423 87.0562 82.2929 21843.9
243.46 41.522 62.6864 44.7547 24048.9
244.209 41.4311 43.2466 25.0207 13212.1
249.334 41.4729 120.702 110.653 29100.2
249.933 41.4272 137.087 125.743 25192
250.843 41.5047 168.25 133.336 23880.9
251.814 41.4906 193.467 175.232 21854
252.637 41.6067 218.848 197.217 26957.4
253.404 41.4033 236.51 216.47 23049.6
236.17 44.0035 294.021 245.428 20205
237.12 38.1448 278.14 230.821 17146.5
280.154 39.6581 983.044 876.859 103008
236.597 41.7752 265.08 221.075 26789.5
237.663 41.6898 236.435 192.309 19672.6
236.119 41.702 280.824 233.555 36273.5
236.486 41.355 264.826 222.175 25709.7
237.948 41.526 226.303 185.152 22197.9
238.305 41.342 212.717 175.05 23077.8
236.695 40.222 264.511 221.037 31859.8
237.274 41.086 239.271 201.325 15849.2
237.538 40.9591 232.175 194.541 14575.7
238.63 41.056 202.227 166.291 21178.2
237.502 40.104 241.055 199.938 13500.3
237.082 40.764 246.047 206.962 22493.6
238.104 41.006 217.214 179.977 18074.7
238.316 40.81 213.695 175.828 14813.7
237.913 40.577 227.12 186.695 20138.7
238.978 40.729 194.143 158.591 19409.7
238.198 40.295 218.13 180.896 17260.6
236.845 40.453 256.942 214.404 23110.4
236.859 41.142 251.094 212.644 15934.4
236.435 40.843 265.517 224.108 30359.6
236.053 40.722 280.634 234.44 29032.4
236.141 40.5907 279.387 232.694 26445.8
236.198 40.483 281.101 231.714 27137.4
235.873 40.483 294.28 255.339 16253.3
236.252 40.483 281.445 231.001 29142.4
235.836 40.2482 302.718 242.964 16463.5
236.346 40.285 278.896 229.692 28409.8
236.497 40.101 275.168 227.847 33327
236.406 40.1882 277.927 229.371 28345.6
236.727 39.7145 269.24 224.101 32662.3
236.825 39.5703 264.937 222.328 21273.5
236.813 39.4928 266.121 223.318 14286.6
237.04 39.4666 258.212 233.621 14054.8
237.032 39.196 265.984 219.852 13514.3
237.189 39.1124 266.78 215.905 14383.1
236.281 39.8633 291.439 234.571 34181.4
236.525 39.622 281.224 229.64 19121.3
236.622 39.0132 281.68 233.069 8930.43
236.924 38.6639 285.816 228.898 14667.4
237.704 39.532 235.195 197.085 8844.64
237.478 39.3154 252.441 206.103 11535.8
237.845 39.2751 235.728 197.856 14935.2
237.858 39.0049 248.014 199.981 11646.5
239.398 40.3453 181.288 150.066 18435.9
238.828 40.1096 200.289 165.506 16118.1
238.473 39.719 213.649 177.803 13173.8
239.603 40.1808 179.611 145.917 18812.1
239.812 40.025 175.893 141.926 18792.9
239.359 40.0112 187.122 153.516 15438
239.286 39.8043 191.569 157.566 15889.7
238.837 39.3837 207.708 173.266 13797.4
239.775 39.6502 180.699 147.324 13325.8
239.959 39.4725 180.025 145.983 13727.8
239.845 39.0516 186.99 155.613 18296.3
266.423 34.5454 672.663 607.356 42224.4
241.164 37.6302 186.136 162.199 33591.1
254.618 31.6985 573.01 461.815 0.873952
243.578 32.892 329.618 280.526 25040.2
242.511 36.058 216.985 188.19 24657.6
246.059 46.8292 220.407 192.508 20143.9
242.805 33.6 305.753 245.994 27399.9
251.501 37.2103 234.744 198.461 24706.2
240.165 40.7484 157.13 128.001 17805
241.029 40.7797 131.474 105.628 17718.9
241.866 40.7811 107.525 84.867 22580.4
242.476 40.852 88.8449 84.4845 19517.9
250.327 40.9763 143.664 137.129 24461.8
250.823 40.8936 157.231 149.584 25185.4
251.737 40.8338 185.717 173.483 22820.6
252.48 40.76 209.285 193.285 25193.5
253.546 40.8023 237.829 221.548 29328.8
265.339 31.7598 715.161 631.714 45387.2
245.381 34.7676 253.468 214.876 11669.3
242.877 48.2642 274.865 240.751 23778.3
279.822 33.1067 1048.63 943.713 46872.7
240.173 40.165 162.914 131.806 16253
241.123 40.1614 133.515 107.973 16109.3
241.845 40.2903 112.284 89.1591 17799
242.81 40.1697 84.3098 68.6936 20836.7
250.876 40.2982 170.096 154.272 22191.5
251.758 40.1348 190.782 178.041 21226.8
252.53 40.2149 211.73 196.972 27857.6
257.967 40.9451 364.626 333.266 28685.5
241.276 34.6145 285.89 247.301 37270.8
270.591 34.5118 787.208 702.924 87773.8
240.102 39.6785 171.101 139.114 11976
241.111 39.5399 146.175 118.212 15693.8
241.92 39.6946 117.82 97.3235 20836
242.861 39.5516 96.8673 81.2914 21607.1
243.536 39.6202 81.023 67.8646 22111.4
249.754 39.6279 143.942 117.715 23639.5
251.019 39.6333 182.242 164.498 24647.9
251.609 39.4998 196.687 180.479 25245.8
252.551 39.524 219.973 188.375 22239.2
286.092 41.0056 1132.49 987.597 112199
241.815 34.1714 297.008 253.058 23340.4
245.858 34.3034 269.204 231.166 20395.9
243.541 33.6117 302.466 256.965 161169
290.708 45.2644 1236.8 1074.84 157523
241.192 38.9383 150.454 128.054 24620.3
242.068 38.8606 132.045 112.882 23321.4
242.818 38.834 117.25 101.243 22938.1
243.6 38.8247 104.487 90.2406 24229.6
244.346 38.8455 96.11 82.3491 21508.9
245.17 39.04 89.1415 72.9819 21800.6
245.98 38.9551 96.9643 78.4834 14805.5
248.828 38.9176 136.109 124.454 19390.5
249.867 39.1025 154.804 143.74 26029.1
250.737 38.9553 179.105 150.322 24182.3
251.704 38.9541 203.446 172.614 24870.3
252.426 38.8347 224.652 192.124 26325.3
253.09 38.8627 246.702 209.234 32216.1
240.549 38.5226 177.91 150.597 30645.6
241.894 38.3489 150.436 129.351 28133.1
242.928 38.2397 134.694 116.449 28140.1
243.698 38.2886 121.212 105.529 21794.7
244.415 38.3489 114.519 98.1767 23343.2
248.517 38.2843 147.625 117.472 15780
249.289 38.4187 157.347 128.438 20565.2
250.106 38.3862 175.394 145.395 21254.8
250.739 38.2916 191.396 160.83 20887.9
251.621 38.1888 215.043 182.796 22660.5
252.45 38.3685 230.319 198.76 26064.2
253.244 38.2289 253.484 220.65 25827.9
240.756 36.3052 231.528 202.869 21397.8
250.733 45.1221 220.33 196.449 24701.3
243.003 34.8753 259.135 220.181 26335
255.964 44.1212 322.323 288.925 4357.27
242.775 37.7243 155.618 133.841 27205.3
243.405 37.923 137.634 120.146 25503.3
244.253 37.6444 144.65 121.975 25045.5
245.151 37.6083 141.644 121.253 20297.4
247.637 37.6761 149.378 122.676 18598.6
248.404 37.7222 159.83 131.975 23097.1
249.198 37.6354 177.741 146.395 14110.7
250.005 37.6903 188.438 158.496 21274.4
250.863 37.7459 207.173 174.181 24376.5
238.553 36.764 266.073 227.855 24468.2
241.453 32.9799 342.976 292.066 15159.7
266.785 41.9069 602.924 543.04 34540.5
240.365 33.9954 325.596 276.432 26888.5
254.499 37.7456 297.493 259.4 24869
243.725 35.8996 213.623 182.171 27984.2
240.004 35.3142 281.333 243.049 23200.3
240.476 33.2479 344.611 295.96 30755.5
282.112 40.6358 1028.93 914.93 9008.72
244.2 32.9451 327.862 275.481 21562.7
244.78 37.2408 157.052 133.426 24333.2
245.285 36.7256 177.484 150.088 20083
246.093 37.0195 167.607 143.516 14828
247.618 37.0183 170.272 141.28 14384.8
248.494 36.9839 183.2 154.281 27163.3
249.196 36.9969 196.706 163.977 18828.3
250.126 37.1364 206.348 173.955 19217.7
250.975 36.8299 231.67 196.83 22152.8
253.097 37.0138 276.546 238.927 21709.5
241.77 37.0542 193.644 167.949 27794.7
236 44.6764 304.754 257.615 19321.4
243.751 36.9488 178.491 139.323 0.480568
249.215 32.3098 343.347 302.602 21400.8
244.076 35.4358 228.899 195.32 29167.8
243.67 36.4193 194.47 166.167 26607.3
244.617 36.423 188.229 161.01 27311.8
245.461 36.4321 190.864 160.443 15743
246.82 36.4182 189.051 167.357 16607.5
248.87 36.1428 216.99 183.164 29354.5
249.338 36.5996 212.012 176.865 23920.2
250.13 36.4199 229.45 193.8 19414.2
250.792 36.2925 238.222 206.97 18074
251.48 36.3758 253.802 217.343 24295.5
244.57 35.8384 211.401 180.251 24221.6
245.149 35.7266 217.857 183.532 23387.4
246.895 35.6339 210.722 177.285 25577.6
247.827 35.8191 211.801 178.905 14177.4
249.206 35.6218 237.723 202.749 27837.9
250.067 35.7113 250.042 213.029 29544.9
250.954 35.7147 261.545 225.197 17338.5
251.534 35.7992 268.851 232.661 20382.4
252.362 35.8054 289.55 248.094 25342.6
269.482 32.2185 846.718 735.427 35803
240.915 35.8409 242.803 214.177 23164.6
243.86 44.932 149.708 130.399 21055.5
243.601 44.991 152.948 133.357 26083
243.336 45.045 158.837 136.557 23668.5
242.966 45.164 168.671 143.376 23296.2
242.641 45.427 181.351 154.149 26211.9
242.193 45.504 192.954 160.933 23313.1
242.319 45.64 194 163.187 22969.6
242.452 45.805 194.524 167.346 24277.6
245.13 35.301 233.873 197.045 19286.8
242.536 45.953 198.109 171.015 26644.3
246.115 35.099 236.597 190.658 29117.1
246.917 35.2127 226.853 191.193 29112.2
242.501 46.269 208.698 181.079 31765.6
247.733 35.1787 233.507 197.197 13581.5
248.468 35.0951 243.474 209.169 15426.9
242.356 46.512 218.097 189.583 31812.3
249.287 35.0789 254.635 219.587 25944.5
242.281 46.62 223.087 193.414 30566.6
250.264 35.1181 272.637 231.991 32891.2
250.612 35.1118 278.17 237.192 27613.4
242.494 44.8448 167.766 138.556 22840.6
251.5 35.1259 291.767 250.32 18772.7
242.076 44.538 167.439 136.607 19717.5
252.352 35.117 305.745 264.453 22819.6
253.133 35.0719 327.184 281.006 31379.4
273.706 38.2289 824.594 733.945 109230
240.241 39.3104 172.014 141.958 19915.1
237.459 40.5799 236.372 197.607 15830.9
261.219 34.7379 529.499 483.813 451.436
227.653 56.4191 645.007 623.545 7.73509e+06
248.626 35.5169 228.656 198.871 15226.4
241.363 42.4339 131.054 103.569 21927.5
272.17 36.1297 788.008 717.157 24291.3
247.109 34.4692 257.808 216.066 33595.7
247.763 34.4866 254.305 220.628 13814.8
248.559 34.4178 275.203 230.037 12482.5
249.194 34.3371 277.802 240.663 28725.6
250.05 34.5293 284.534 245.262 33187.6
250.71 34.4275 301.801 257.423 34202.1
251.502 34.5421 308.774 266.583 25050.8
252.214 34.4457 326.424 280.766 16647.8
252.99 34.5058 339.479 291.123 20196.4
245.476 33.7503 294.677 247.714 14839
246.171 33.8142 286.21 231.573 20644.1
246.995 33.9383 282.11 232.33 34548.8
247.667 33.9535 276.837 236.553 22618
248.522 33.8798 301.95 260.708 9027.6
249.156 33.6953 295.793 260.002 20996.6
250.746 33.9571 316.564 271.557 35745.9
251.623 33.9085 331.825 286.306 31021.8
252.326 34.0087 342.365 295.327 22685.9
253.079 34.0739 355.105 304.749 15301.9
235.907 44.2982 303.119 254.449 17326.1
246.343 33.1999 312.803 267.716 22107.5
247.054 33.3627 305.626 250.104 33904.8
247.842 33.2893 303.031 258.412 25818
248.573 33.341 299.824 263.892 11895.7
249.528 33.2969 317.102 275.271 23420
249.964 33.0851 333.107 286.868 27841.1
250.734 33.2921 336 290.706 39174
251.408 33.1132 355.327 305.748 37221.3
