244.867 43.7945 105.518 102.585 2183.22
248.324 46.5336 231.303 177.076 2199.3
250.183 43.7013 145.408 119.637 3870.89
249.334 41.4729 102.359 112.674 9792.08
251.019 39.6333 165.414 162.949 11511.7
253.244 38.2289 239.365 199.847 13334.3
248.626 35.5169 210.803 178.979 7969.35
245.285 36.7256 191.137 123.267 1997.58
243.665 34.8294 185.967 202.681 1974.8
241.17 35.1269 223.756 211.656 2788.66
240.241 39.3104 158.151 119.427 4239.98
236.727 39.7145 237.849 192.585 4358.36
236.628 42.7859 232.164 190.904 10131.8
240.331 45.2664 184.365 153.801 11073.2
242.536 45.953 182.573 146.43 6347.28
