245.42 32.5356
246.233 32.7683 276.515 243.17 3105.04
247.117 32.7513 271.414 244.489 5196.22
247.772 32.7006 283.07 250.799 6596.95
248.296 32.5618 293.43 259.002 6812.73
249.261 32.5716
250.03 32.6399
250.697 32.7663
251.367 32.5466
252.215 32.5324
252.999 32.6995
253.738 32.6349
254.546 32.7001
255.343 32.6588
255.98 32.6462
256.643 32.6764
247.189 31.9559
248.543 32.0022
249.184 31.7748
249.954 31.9737
250.741 31.9989
251.473 31.9041
252.222 32.0094
252.899 32.1046
253.572 32.0062
254.477 32.076
255.177 32.1101
255.899 32.0618
256.708 32.012
250.009 31.439
250.719 31.3757
251.472 31.3369
254.517 31.4425
255.029 31.3711
256.021 31.3165
256.508 31.3691
257.19 31.3818
255.014 30.7862
255.971 30.6689
256.598 30.8498
257.315 30.7263
255.91 30.0609
256.388 30.1456
257.212 30.1615
255.867 29.554
256.611 29.4528
257.112 29.4862
245.587 48.933 284.635 228.716 2692.18
246.578 48.9725
247.267 48.9777
248.403 48.9482
249.301 48.9448
250.154 48.9198 324.68 255 1593.03
251.257 48.9286
252.074 48.8799
253.075 48.9912
254.085 48.9926
255.121 48.9592
255.998 48.9239
276.343 42.3012
277.018 40.2319
264.138 48.2977
258.319 34.8837
253.543 34.9459
245.532 48.3739 260.758 214.718 2867.96
246.727 48.3609
247.438 48.3129
248.293 48.4128
249.201 48.2921
250.223 48.3943 314.122 243.006 1695.11
251.056 48.4551
251.979 48.4389
252.983 48.4278
254.004 48.3008
255.009 48.4643
284.014 42.1993
279.58 37.2113
248.37 45.597
272.949 31.1687
261.044 44.443
250.442 42.7667 137.388 143.725 5487.4
245.426 47.6795 241.691 193.106 3051.63
246.253 47.7687 244.412 200.576 2956.16
247.393 47.775
248.254 47.8012
249.237 47.6327
250.951 47.7343
251.996 47.7133
252.904 47.8264
254.116 47.7456
254.816 47.8026
255.575 47.5302
260.263 38.814
282.627 38.2046
268.755 38.0557
282.11 35.2393
270.863 46.1003
245.541 47.0943 223.831 177 3010.65
246.494 47.0816
247.48 47.0418
248.451 47.0308
249.313 47.1523
250.198 47.1961
251.12 47.1646
251.864 47.0911
253.006 47.0658
253.82 47.1498
254.793 47.173
255.673 47.1152
255.804 48.4702
247.187 40.195
278.567 28.1103
245.812 46.4423
246.507 46.4162
247.359 46.4246
248.324 46.5336 231.303 177.076 2199.3
249.142 46.462
250.086 46.5663
251.214 46.4611
251.87 46.5038
252.924 46.5408
263.386 43.7337
250.245 48.024 294.435 232.829 2053.97
280.011 42.1175
268.505 47.9462
245.668 45.7893
246.63 45.8122
247.507 45.8409
248.374 45.7843
249.341 45.9054
250.284 45.9046 187.91 199.431 2509.35
251.056 45.8538
251.851 45.8006
252.877 45.8231
245.767 45.0931
246.54 45.2432
247.511 45.166
248.195 45.2285
249.26 45.3212
250.437 45.3171 177.763 188.018 3031.77
251.786 45.2202
252.793 45.225
245.173 33.0515 273.956 237.358 2058.95
275.383 44.8245
276.533 33.4112
245.145 44.5494
245.745 44.5642
246.633 44.6165
247.356 44.6173
248.752 44.7038
249.424 44.3951
250.336 44.6769
251.014 44.6704
252.001 44.4868
252.958 44.6277
253.648 44.5943
270.706 40.5559
264.162 29.9618
245.586 43.5625
288.442 42.5064
245.883 43.9146
246.548 43.9286
247.515 43.9997
248.513 43.8756 102.581 94.8166 3215.77
249.424 43.92 127.239 139.541 4177.63
250.183 43.7013 145.408 119.637 3870.89
251.006 44.0363
251.872 43.9496
252.708 43.8122
253.516 43.8924
254.387 39.7997 253.24 209.086 13722.2
245.826 43.3979
246.482 43.3234
247.567 43.3998
248.388 43.2741
249.288 43.3629
249.98 43.2112 129.279 138.64 5272.43
250.947 43.2649
251.916 43.3531
252.554 43.3459
253.521 43.4126
260.198 30.4794
269.752 42.9142
245.916 42.6493
246.824 42.5452
247.469 42.6852
248.412 42.8321
249.08 42.7507 104.403 115.424 6521.32
249.958 42.6372 122.989 132.081 6506.57
251.153 42.8247 158.555 159.789 6315.55
251.658 42.6579 171.695 170.071 7925.63
252.749 42.6332
253.476 42.6507
263.391 39.1009
262.107 27.5459
246.056 42.0886
246.76 42.0343
247.614 42.0041
248.568 42.0149
249.127 42.0995
249.964 41.9243 118.198 127.14 7933.49
250.643 42.1012 141.739 143.356 7672.73
251.66 42.0073 167.63 165.806 8957.15
252.63 41.9641 191.997 187.322 6478.97
253.566 42.031 221.73 208.829 5930.51
254.299 42.1143
255.067 42.0432
253.777 46.6885 275.543 265.739 3324.15
288.074 44.2401
285.417 44.6197
273.002 33.0348
256.333 29.3339
245.835 41.3602
246.653 41.503
247.552 41.4632
248.37 41.3146
249.334 41.4729 102.359 112.674 9792.08
249.933 41.4272 115.48 125.332 9250.52
250.843 41.5047 147.284 116.586 6144.84
251.814 41.4906 174.17 169.696 8032.9
252.637 41.6067 195.834 188.314 7377.27
253.404 41.4033 214.763 206.151 7774.13
254.278 41.468
255.175 41.4676
280.154 39.6581
260.397 47.8481
266.423 34.5454
254.618 31.6985
246.059 46.8292
257.228 33.9696
251.501 37.2103 213.751 179.938 11450.2
245.796 40.8556
246.813 40.8513
247.48 40.8903
248.563 40.8869
249.167 40.9425 100.991 110.507 10178.8
250.327 40.9763 134.978 136.587 10179
250.823 40.8936 149.405 148.216 10597.4
251.737 40.8338 174.425 169.741 11152.9
252.48 40.76 191.866 186.855 10784.2
253.546 40.8023 224.775 212.236 9896.08
254.056 40.8947
255.118 40.8271
255.913 40.8132
265.339 31.7598
245.401 34.8249
245.381 34.7676
279.822 33.1067
245.255 40.2679
246.019 40.1314
247.531 40.2807
248.498 40.2067 93.5515 100.668 11971.9
249.262 40.1948 107.821 117.902 11889.7
249.992 40.2655 126.949 133.594 10757.6
250.876 40.2982 155.982 153.929 10556.5
251.758 40.1348 181.4 175.165 11557.9
252.53 40.2149 199.425 192.341 12160.8
253.453 40.1618
254.082 40.2109
254.927 40.1227
255.88 40.1129
257.967 40.9451
270.591 34.5118
245.984 39.455
246.931 39.5906
247.721 39.5708 88.3927 65.0595 9494.01
248.34 39.6092
249.26 39.473 118.179 126.462 13340.1
249.754 39.6279
251.019 39.6333 165.414 162.949 11511.7
251.609 39.4998 180.92 177.268 12412.3
252.551 39.524 208.491 169.409 12802.4
253.241 39.5952
254.161 39.3741
255.092 39.5144
255.832 39.5125
286.092 41.0056
245.858 34.3034 230.765 195.968 2241.8
290.708 45.2644
245.17 39.04
245.98 38.9551 94.965 60.5955 3257.39
246.723 38.9882 87.0492 63.4566 6252.09
247.621 38.9995 95.5718 75.7373 11369.4
248.828 38.9176 118.408 127.693 12220.8
249.867 39.1025 142.365 144.219 11800.4
250.737 38.9553 165.67 134.422 11840.4
251.704 38.9541 188.491 155.086 11352
252.426 38.8347 208.103 173.102 12761.7
253.09 38.8627 227.029 188.489 14704.1
254.166 38.9045
254.851 38.9641
255.753 38.9145
245.392 38.3281
246.031 38.1802
246.979 38.2987
247.723 38.2108 112.951 95.7486 14754.7
248.517 38.2843 128.248 106.057 12214.3
249.289 38.4187 143.705 115.937 11507.8
250.106 38.3862 159.691 131.04 10909.4
250.739 38.2916 175.39 144.929 11202.3
251.621 38.1888 199.27 163.921 11729
252.45 38.3685 215.85 179.444 11463.7
253.244 38.2289 239.365 199.847 13334.3
254.893 38.2315
255.717 38.1474
250.733 45.1221 180.506 187.965 3263.93
255.964 44.1212 289.397 272.785 829.416
245.151 37.6083
246.14 37.5808
246.832 37.7601
247.637 37.6761 134.324 109.121 10342.2
248.404 37.7222 142.668 118.07 12943.2
249.198 37.6354 159.424 132.02 12564.2
250.005 37.6903 172.909 143.528 11068.2
250.863 37.7459 187.257 157.169 10678.2
251.639 37.83
252.208 37.662
253.171 37.7461
253.998 37.7059
254.787 37.6407
255.565 37.6606
254.945 34.5715
255.734 34.5145
254.312 34.1838
254.53 34.1567
254.999 34.1517
255.333 34.1937
255.704 34.2323
256.088 34.2148
256.473 34.2135
254.23 33.9682
254.975 33.8308
255.696 33.8903
256.455 33.893
257.159 33.8774
254.406 33.6042
254.835 33.5975
255.672 33.5995
256.452 33.5806
256.882 33.5044
257.179 33.5385
257.508 33.5662
254.329 33.3102
255.659 33.259
256.402 33.1939
257.166 33.2334
254.184 32.9513
254.485 32.9369
254.82 33.0053
255.381 32.937
255.66 32.9288
256.155 33.0286
256.46 32.9317
256.794 32.9833
257.139 32.8728
257.463 32.9426
254.053 32.7572
254.845 32.6337
255.639 32.654
256.374 32.629
257.095 32.6899
253.936 32.443
254.828 32.3673
255.173 32.488
255.681 32.3766
255.96 32.2837
256.327 32.1712
256.601 32.3554
257.149 32.3691
257.452 32.2888
254.852 31.9694
255.512 32.0937
256.309 31.9895
257.063 32.0119
255.154 31.8029
255.574 31.6996
255.982 31.727
256.264 31.6679
256.605 31.7051
257.23 31.8027
257.412 31.6905
256.263 31.3663
256.365 31.1096
257.013 30.9611
257.323 31.0024
254.048 31.8742
266.785 41.9069
254.499 37.7456 281.004 234.774 11767.8
272.903 40.379
174.103 52.7308
267.196 45.2246
282.112 40.6358
245.285 36.7256 191.137 123.267 1997.58
246.093 37.0195 153.636 116.204 3709.88
246.916 37.0615
247.618 37.0183 157.451 127.117 7801.38
248.494 36.9839 165.071 137.914 11467.9
249.196 36.9969 173.863 147.042 12249.2
250.126 37.1364 189.658 157.761 11868.3
250.975 36.8299 212.757 178.74 11963.6
252.466 36.9914
253.097 37.0138 256.008 215.302 11915.8
253.963 37.0361
254.948 37.0738
255.589 37.1388
249.215 32.3098
276.451 36.5439
245.461 36.4321 174.322 133.449 1991.61
246.035 36.4151
246.82 36.4182
247.708 36.428
248.87 36.1428 194.033 164.353 10732.2
249.338 36.5996 186.64 158.895 12060.3
250.13 36.4199 207.339 174.739 13345.1
250.792 36.2925 222.747 187.992 13416.1
251.48 36.3758 233.737 197.317 12741.3
252.342 36.4277
253.145 36.3773
253.808 36.3289
254.722 36.4093
255.592 36.3998
256.256 36.3945
245.149 35.7266 203.683 155.66 2156
246.016 35.8522
246.895 35.6339 188.737 161.854 7174.7
247.827 35.8191 194.475 163.623 7018.8
249.206 35.6218 214.055 182.436 9839.6
250.067 35.7113 223.611 191.441 13113.9
250.954 35.7147 238.835 204.199 13783.4
251.534 35.7992 249.14 211.141 13519
252.362 35.8054 266.023 224.75 12123
253.091 35.9138
253.817 35.7452
254.728 35.7259
255.384 35.8383
256.214 35.7964
269.482 32.2185
245.13 35.301 218.388 169.041 2338.31
246.115 35.099 198.619 172.141 5019.43
246.917 35.2127 203.517 173.798 7556.67
247.733 35.1787 215.71 181.407 7665.51
248.468 35.0951 224.105 189.9 8283.77
249.287 35.0789 230.002 198.748 9278.58
250.264 35.1181 241.623 208.688 13064.5
250.612 35.1118 247.977 213.326 13967.4
251.5 35.1259 265.472 226.423 14311.4
252.352 35.117 282.142 240.369 13558.8
253.133 35.0719 296.668 254.522 11544.7
253.85 35.1605
254.592 35.2106
255.539 35.2177
256.234 35.0891
256.937 35.0637
273.706 38.2289
261.219 34.7379
248.626 35.5169 210.803 178.979 7969.35
272.17 36.1297
246.17 34.5935 212.886 186.976 4060.77
247.109 34.4692 225.055 195.926 7493.23
247.763 34.4866 235.986 201.084 8164.55
248.559 34.4178 247.048 210.497 8445.49
249.194 34.3371 253.63 218.936 9605.34
250.05 34.5293 256.029 222.327 10987.6
250.71 34.4275 268.06 232.473 11717.4
251.502 34.5421 280.352 240.671 14224.8
252.214 34.4457 296.624 253.937 14354.5
252.99 34.5058
253.812 34.581
254.565 34.5646
255.338 34.5271
256.19 34.5508
256.903 34.6469
245.476 33.7503 259.836 215.049 1873.22
246.171 33.8142 237.62 211.194 2946.82
246.995 33.9383 238.292 210.541 5504.94
247.667 33.9535 247.692 214.979 6560.66
248.522 33.8798
249.156 33.6953 274.122 235.894 7383.52
249.966 33.7776
250.746 33.9571 282.303 245.716 12544
251.623 33.9085 298.618 258.43 13907.6
252.326 34.0087
253.035 33.937
253.079 34.0741
253.079 34.0739
253.945 33.9315
254.564 33.9257
255.307 33.9229
256.175 33.9232
256.837 33.8839
246.343 33.1999
247.054 33.3627 254.22 227.089 6031.99
247.842 33.2893 269.125 235.444 6523.44
248.573 33.341 280.808 240.625 7473.39
249.528 33.2969 292.501 250.873 7271.9
249.964 33.0851 299.4 261.047 7325.32
250.734 33.2921
251.408 33.1132
252.329 33.3086
253.036 33.2555
253.768 33.2621
254.635 33.3298
255.283 33.2797
256.02 33.2716
256.785 33.315
