245.42 32.5356 339.812 286.537 14712.5
246.233 32.7683 328.957 281.178 15577.9
247.117 32.7513 329.743 269.955 30793.6
247.772 32.7006
248.296 32.5618 335.154 284.154 25194
249.261 32.5716
250.03 32.6399
250.697 32.7663
251.367 32.5466
252.215 32.5324
252.999 32.6995
253.738 32.6349
254.546 32.7001
255.343 32.6588
255.98 32.6462
256.643 32.6764
247.189 31.9559
248.543 32.0022
249.184 31.7748
249.954 31.9737
250.741 31.9989
251.473 31.9041
252.222 32.0094
252.899 32.1046
253.572 32.0062
254.477 32.076
255.177 32.1101
255.899 32.0618
256.708 32.012
250.009 31.439
250.719 31.3757
251.472 31.3369
254.517 31.4425
255.029 31.3711
256.021 31.3165
256.508 31.3691
257.19 31.3818
255.014 30.7862
255.971 30.6689
256.598 30.8498
257.315 30.7263
255.91 30.0609
256.388 30.1456
257.212 30.1615
255.867 29.554
256.611 29.4528
257.112 29.4862
245.587 48.933 297.51 261.292 35416.1
246.578 48.9725 301.225 265.153 33400.6
247.267 48.9777 303.974 267.657 30364.2
248.403 48.9482 308.361 272.442 33870.5
249.301 48.9448 316.611 278.113 32884
250.154 48.9198 320.557 285.645 29601.5
251.257 48.9286
252.074 48.8799
253.075 48.9912
254.085 48.9926
255.121 48.9592
255.998 48.9239
276.343 42.3012
277.018 40.2319
264.138 48.2977
258.319 34.8837
253.543 34.9459
245.532 48.3739 275.762 242.507 35330.5
246.727 48.3609 278.921 245.599 29475.4
247.438 48.3129 279.237 247.461 28852
248.293 48.4128 290.191 255.324 31315.1
249.201 48.2921 292.48 257.984 30896.4
250.223 48.3943 303.754 271.949 36373.2
251.056 48.4551
251.979 48.4389
252.983 48.4278
254.004 48.3008
255.009 48.4643
284.014 42.1993
279.58 37.2113
248.37 45.597 190.925 170.816 26825.5
272.949 31.1687
261.044 44.443
250.442 42.7667 164.103 147.718 35408.8
245.426 47.6795 250.275 219.522 36613.1
246.253 47.7687 255.587 224.557 33002.1
247.393 47.775 261.093 230.227 27176.4
248.254 47.8012 268.628 236.235 32456.4
249.237 47.6327 269.185 239.352 29537.8
250.951 47.7343
251.996 47.7133
252.904 47.8264
254.116 47.7456
254.816 47.8026
255.575 47.5302
260.263 38.814
282.627 38.2046
268.755 38.0557
282.11 35.2393
270.863 46.1003
245.541 47.0943 228.553 200.495 38265.9
246.494 47.0816 230.69 202.836 29307.2
247.48 47.0418 235.355 207.351 30835.1
248.451 47.0308 243.41 214.445 35705.2
249.313 47.1523 251.963 226.82 27414.9
250.198 47.1961 267.811 237.886 29182.2
251.12 47.1646
251.864 47.0911
253.006 47.0658
253.82 47.1498
254.793 47.173
255.673 47.1152
255.804 48.4702
247.187 40.195
278.567 28.1103
245.812 46.4423 203.879 179.264 32943.1
246.507 46.4162 206.111 181.307 28703.3
247.359 46.4246 211.751 186.494 30408.1
248.324 46.5336 223.189 198.206 36129.2
249.142 46.462 228.056 205.068 24369
250.086 46.5663 246.009 219.281 29205.6
251.214 46.4611
251.87 46.5038
252.924 46.5408
263.386 43.7337
250.245 48.024 292.891 261.955 38893.9
280.011 42.1175
268.505 47.9462
245.668 45.7893 177.568 157.214 28937.1
246.63 45.8122 184.296 162 25338.8
247.507 45.8409 191.353 169.839 34257.5
248.374 45.7843 196.951 176.224 25002
249.341 45.9054 214.972 191.704 33106.5
250.284 45.9046 222.205 205.329 18076.4
251.056 45.8538
251.851 45.8006
252.877 45.8231
245.767 45.0931 150.892 134.286 29312.6
246.54 45.2432 162.058 143.038 31474.9
247.511 45.166 167.083 148.919 29972.1
248.195 45.2285 176.232 158.14 29356.4
249.26 45.3212 194.923 174.675 24797.5
250.437 45.3171 217.208 195.184 26053.2
251.786 45.2202
252.793 45.225
245.173 33.0515 319.723 270.187 13867.9
275.383 44.8245
276.533 33.4112
245.145 44.5494 128.936 115.227 25371.4
245.745 44.5642 130.256 116.694 32341.5
246.633 44.6165 138.084 123.471 26276
247.356 44.6173 146.053 130.438 28909.5
248.752 44.7038 167.769 151.057 27576.5
249.424 44.3951
250.336 44.6769
251.014 44.6704
252.001 44.4868
252.958 44.6277
253.648 44.5943
270.706 40.5559
264.162 29.9618
245.586 43.5625 90.5897 82.5921 27860
288.442 42.5064
245.883 43.9146 105.077 95.6974 27630.4
246.548 43.9286 112.72 100.958 29148.3
247.515 43.9997 126.188 113.621 25638.9
248.513 43.8756 137.253 109.403 18524.7
249.424 43.92 157.982 143.614 25760.2
250.183 43.7013 176.946 139.575 24184.6
251.006 44.0363
251.872 43.9496
252.708 43.8122
253.516 43.8924
254.387 39.7997 266.433 231.856 25491.3
245.826 43.3979 85.3224 78.3164 26154.7
246.482 43.3234 90.8033 81.5 27914.3
247.567 43.3998 110.027 98.2321 19156.7
248.388 43.2741 120.666 110.086 22060.4
249.288 43.3629 146.745 130.244 15978
249.98 43.2112 161.081 142.995 34579.5
250.947 43.2649
251.916 43.3531
252.554 43.3459
253.521 43.4126
260.198 30.4794
269.752 42.9142
245.916 42.6493 61.2981 55.1185 23954.7
246.824 42.5452
247.469 42.6852
248.412 42.8321 114.557 102.149 28630
249.08 42.7507 128.679 115.286 32615.2
249.958 42.6372 147.541 133.61 33628.5
251.153 42.8247 181.888 164.103 36236.5
251.658 42.6579 194.624 174.599 28752.3
252.749 42.6332
253.476 42.6507
263.391 39.1009
262.107 27.5459
246.056 42.0886
246.76 42.0343
247.614 42.0041
248.568 42.0149 104.705 94.1839 25122.8
249.127 42.0995 118.848 92.3634 34924
249.964 41.9243 140.959 127.666 27525.5
250.643 42.1012 162.493 146.419 31885.8
251.66 42.0073 190.862 171.318 42354.6
252.63 41.9641 222.679 197.074 21346.3
253.566 42.031 247.625 221.81 38170.7
254.299 42.1143
255.067 42.0432
253.777 46.6885 315.483 281.729 22079.6
288.074 44.2401
285.417 44.6197
273.002 33.0348
256.333 29.3339
245.835 41.3602
246.653 41.503
247.552 41.4632
248.37 41.3146
249.334 41.4729 120.702 110.653 29100.2
249.933 41.4272 137.087 125.743 25192
250.843 41.5047 168.25 133.336 23880.9
251.814 41.4906 193.467 175.232 21854
252.637 41.6067 218.848 197.217 26957.4
253.404 41.4033 236.51 216.47 23049.6
254.278 41.468
255.175 41.4676
280.154 39.6581
260.397 47.8481
266.423 34.5454
254.618 31.6985
246.059 46.8292 220.407 192.508 20143.9
257.228 33.9696
251.501 37.2103 234.744 198.461 24706.2
245.796 40.8556
246.813 40.8513
247.48 40.8903
248.563 40.8869
249.167 40.9425
250.327 40.9763 143.664 137.129 24461.8
250.823 40.8936 157.231 149.584 25185.4
251.737 40.8338 185.717 173.483 22820.6
252.48 40.76 209.285 193.285 25193.5
253.546 40.8023 237.829 221.548 29328.8
254.056 40.8947
255.118 40.8271
255.913 40.8132
265.339 31.7598
245.401 34.8249
245.381 34.7676 253.468 214.876 11669.3
279.822 33.1067
245.255 40.2679
246.019 40.1314
247.531 40.2807
248.498 40.2067
249.262 40.1948
249.992 40.2655
250.876 40.2982 170.096 154.272 22191.5
251.758 40.1348 190.782 178.041 21226.8
252.53 40.2149 211.73 196.972 27857.6
253.453 40.1618
254.082 40.2109
254.927 40.1227
255.88 40.1129
257.967 40.9451
270.591 34.5118
245.984 39.455
246.931 39.5906
247.721 39.5708
248.34 39.6092
249.26 39.473
249.754 39.6279 143.942 117.715 23639.5
251.019 39.6333 182.242 164.498 24647.9
251.609 39.4998 196.687 180.479 25245.8
252.551 39.524 219.973 188.375 22239.2
253.241 39.5952
254.161 39.3741
255.092 39.5144
255.832 39.5125
286.092 41.0056
245.858 34.3034 269.204 231.166 20395.9
290.708 45.2644
245.17 39.04 89.1415 72.9819 21800.6
245.98 38.9551 96.9643 78.4834 14805.5
246.723 38.9882
247.621 38.9995
248.828 38.9176 136.109 124.454 19390.5
249.867 39.1025 154.804 143.74 26029.1
250.737 38.9553 179.105 150.322 24182.3
251.704 38.9541 203.446 172.614 24870.3
252.426 38.8347 224.652 192.124 26325.3
253.09 38.8627 246.702 209.234 32216.1
254.166 38.9045
254.851 38.9641
255.753 38.9145
245.392 38.3281
246.031 38.1802
246.979 38.2987
247.723 38.2108
248.517 38.2843 147.625 117.472 15780
249.289 38.4187 157.347 128.438 20565.2
250.106 38.3862 175.394 145.395 21254.8
250.739 38.2916 191.396 160.83 20887.9
251.621 38.1888 215.043 182.796 22660.5
252.45 38.3685 230.319 198.76 26064.2
253.244 38.2289 253.484 220.65 25827.9
254.893 38.2315
255.717 38.1474
250.733 45.1221 220.33 196.449 24701.3
255.964 44.1212 322.323 288.925 4357.27
245.151 37.6083 141.644 121.253 20297.4
246.14 37.5808
246.832 37.7601
247.637 37.6761 149.378 122.676 18598.6
248.404 37.7222 159.83 131.975 23097.1
249.198 37.6354 177.741 146.395 14110.7
250.005 37.6903 188.438 158.496 21274.4
250.863 37.7459 207.173 174.181 24376.5
251.639 37.83
252.208 37.662
253.171 37.7461
253.998 37.7059
254.787 37.6407
255.565 37.6606
254.945 34.5715
255.734 34.5145
254.312 34.1838
254.53 34.1567
254.999 34.1517
255.333 34.1937
255.704 34.2323
256.088 34.2148
256.473 34.2135
254.23 33.9682
254.975 33.8308
255.696 33.8903
256.455 33.893
257.159 33.8774
254.406 33.6042
254.835 33.5975
255.672 33.5995
256.452 33.5806
256.882 33.5044
257.179 33.5385
257.508 33.5662
254.329 33.3102
255.659 33.259
256.402 33.1939
257.166 33.2334
254.184 32.9513
254.485 32.9369
254.82 33.0053
255.381 32.937
255.66 32.9288
256.155 33.0286
256.46 32.9317
256.794 32.9833
257.139 32.8728
257.463 32.9426
254.053 32.7572
254.845 32.6337
255.639 32.654
256.374 32.629
257.095 32.6899
253.936 32.443
254.828 32.3673
255.173 32.488
255.681 32.3766
255.96 32.2837
256.327 32.1712
256.601 32.3554
257.149 32.3691
257.452 32.2888
254.852 31.9694
255.512 32.0937
256.309 31.9895
257.063 32.0119
255.154 31.8029
255.574 31.6996
255.982 31.727
256.264 31.6679
256.605 31.7051
257.23 31.8027
257.412 31.6905
256.263 31.3663
256.365 31.1096
257.013 30.9611
257.323 31.0024
254.048 31.8742
266.785 41.9069
254.499 37.7456 297.493 259.4 24869
272.903 40.379
174.103 52.7308
267.196 45.2246
282.112 40.6358
245.285 36.7256 177.484 150.088 20083
246.093 37.0195 167.607 143.516 14828
246.916 37.0615
247.618 37.0183 170.272 141.28 14384.8
248.494 36.9839 183.2 154.281 27163.3
249.196 36.9969 196.706 163.977 18828.3
250.126 37.1364 206.348 173.955 19217.7
250.975 36.8299 231.67 196.83 22152.8
252.466 36.9914
253.097 37.0138 276.546 238.927 21709.5
253.963 37.0361
254.948 37.0738
255.589 37.1388
249.215 32.3098
276.451 36.5439
245.461 36.4321 190.864 160.443 15743
246.035 36.4151
246.82 36.4182 189.051 167.357 16607.5
247.708 36.428
248.87 36.1428 216.99 183.164 29354.5
249.338 36.5996 212.012 176.865 23920.2
250.13 36.4199 229.45 193.8 19414.2
250.792 36.2925 238.222 206.97 18074
251.48 36.3758 253.802 217.343 24295.5
252.342 36.4277
253.145 36.3773
253.808 36.3289
254.722 36.4093
255.592 36.3998
256.256 36.3945
245.149 35.7266 217.857 183.532 23387.4
246.016 35.8522
246.895 35.6339 210.722 177.285 25577.6
247.827 35.8191 211.801 178.905 14177.4
249.206 35.6218 237.723 202.749 27837.9
250.067 35.7113 250.042 213.029 29544.9
250.954 35.7147 261.545 225.197 17338.5
251.534 35.7992 268.851 232.661 20382.4
252.362 35.8054 289.55 248.094 25342.6
253.091 35.9138
253.817 35.7452
254.728 35.7259
255.384 35.8383
256.214 35.7964
269.482 32.2185
245.13 35.301 233.873 197.045 19286.8
246.115 35.099 236.597 190.658 29117.1
246.917 35.2127 226.853 191.193 29112.2
247.733 35.1787 233.507 197.197 13581.5
248.468 35.0951 243.474 209.169 15426.9
249.287 35.0789 254.635 219.587 25944.5
250.264 35.1181 272.637 231.991 32891.2
250.612 35.1118 278.17 237.192 27613.4
251.5 35.1259 291.767 250.32 18772.7
252.352 35.117 305.745 264.453 22819.6
253.133 35.0719 327.184 281.006 31379.4
253.85 35.1605
254.592 35.2106
255.539 35.2177
256.234 35.0891
256.937 35.0637
273.706 38.2289
261.219 34.7379
248.626 35.5169 228.656 198.871 15226.4
272.17 36.1297
246.17 34.5935
247.109 34.4692 257.808 216.066 33595.7
247.763 34.4866 254.305 220.628 13814.8
248.559 34.4178 275.203 230.037 12482.5
249.194 34.3371 277.802 240.663 28725.6
250.05 34.5293 284.534 245.262 33187.6
250.71 34.4275 301.801 257.423 34202.1
251.502 34.5421 308.774 266.583 25050.8
252.214 34.4457 326.424 280.766 16647.8
252.99 34.5058
253.812 34.581
254.565 34.5646
255.338 34.5271
256.19 34.5508
256.903 34.6469
245.476 33.7503 294.677 247.714 14839
246.171 33.8142 286.21 231.573 20644.1
246.995 33.9383 282.11 232.33 34548.8
247.667 33.9535 276.837 236.553 22618
248.522 33.8798 301.95 260.708 9027.6
249.156 33.6953 295.793 260.002 20996.6
249.966 33.7776
250.746 33.9571 316.564 271.557 35745.9
251.623 33.9085 331.825 286.306 31021.8
252.326 34.0087
253.035 33.937
253.079 34.0741
253.079 34.0739
253.945 33.9315
254.564 33.9257
255.307 33.9229
256.175 33.9232
256.837 33.8839
246.343 33.1999 312.803 267.716 22107.5
247.054 33.3627 305.626 250.104 33904.8
247.842 33.2893 303.031 258.412 25818
248.573 33.341 299.824 263.892 11895.7
249.528 33.2969 317.102 275.271 23420
249.964 33.0851 333.107 286.868 27841.1
250.734 33.2921
251.408 33.1132
252.329 33.3086
253.036 33.2555
253.768 33.2621
254.635 33.3298
255.283 33.2797
256.02 33.2716
256.785 33.315
