239.64 39.8666 178.344 137.248 5829.46
242.779 40.4314 80.7771 59.8113 9909.56
242.694 44.8525 161.089 125.726 11122.9
250.442 42.7667 148.111 143.706 10030.1
242.88 45.2925 176.984 137.008 8420.89
243.732 45.3997 175.199 136.682 7252.68
241.33 44.5191 171.632 134.083 10749.7
242.336 44.6653 161.774 123.865 10445.2
243.253 44.589 146.938 114.071 9439.71
243.987 44.7035 146.539 113.179 6908.5
247.356 44.6173 144.566 124.896 8080.42
240.496 44.082 180.293 138.766 12872.2
241.431 43.9104 155.949 118.267 11937.1
242.259 43.9733 138.815 106.892 10483
243.197 44.086 137.553 99.5378 9043.96
244.042 43.9121 118.092 110.66 6365.35
244.867 43.7945 110.432 104.717 4570.18
248.513 43.8756 128.64 100.047 6826.7
249.424 43.92 148.095 139.207 8474.74
239.847 43.2515 178.083 137.286 11912.8
240.689 43.3736 161.026 121.926 10185
241.526 43.358 142.62 105.543 12042.8
242.246 43.3471 126.594 93.1163 11538
243.233 43.4275 108.673 102.052 11167.3
244.172 43.4151 100.575 94.3928 6836.96
247.567 43.3998 102.191 94.8469 5299.25
249.98 43.2112 144.453 138.303 9771.22
240.753 42.6912 147.551 110.115 11363.1
241.514 42.7308 129.141 94.2692 12693.1
242.275 42.6996 108.469 78.7131 12413.5
243.13 42.7779 93.3248 87.9293 11433.1
243.968 42.7713 81.0537 76.3738 8219.57
249.08 42.7507 110.909 112.873 11118.4
249.958 42.6372 131.71 130.973 10269.2
240.66 42.0187 145.076 105.681 10932.8
241.656 42.1901 116.538 83.4568 11962.6
242.333 42.0192 96.3711 67.5802 12337.4
243.529 42.0773 73.6954 65.3844 8863.25
244.246 42.1669 60.3349 55.0386 8655.33
249.127 42.0995 100.66 84.9877 13693.5
249.964 41.9243 124.786 125.789 10263.9
250.643 42.1012 145.434 143.752 11728.8
240.829 41.3884 140.363 98.9576 9677.44
241.621 41.4483 111.447 79.7209 10216.7
242.55 41.423 86.3039 80.4298 9797.47
243.46 41.522 71.9932 36.2319 7036.05
249.334 41.4729 105.192 109.777 12887.6
249.933 41.4272 124.048 124.495 10303.7
250.843 41.5047 146.273 124.933 7914.78
239.398 40.3453 178.282 138.203 7950.9
239.603 40.1808 173.118 133.141 7499.74
239.812 40.025 167.861 129.668 9221.62
239.775 39.6502 176.076 135.099 6240.17
239.959 39.4725 172.756 133.601 8172.63
240.165 40.7484 154.895 116.855 7284.41
241.029 40.7797 132.93 95.5388 7620.95
241.866 40.7811 107.37 75.7548 9322.34
242.476 40.852 84.3088 83.5207 9413.38
249.167 40.9425 94.0094 106.641 9330.99
250.327 40.9763 136.098 136.822 13023.4
250.823 40.8936 149.324 148.82 13736.9
240.173 40.165 157.566 119.939 7161.96
241.123 40.1614 130.551 98.6059 6837.26
241.845 40.2903 108.898 80.5625 8073.06
242.81 40.1697 85.8225 62.7502 9317.73
250.876 40.2982 151.5 153.714 10181.4
240.102 39.6785 161.557 127.768 7037.15
241.92 39.6946 124.527 88.576 7610.44
249.26 39.473 118.88 124.66 10858.8
249.754 39.6279 130.842 112.173 11829.9
242.818 38.834 114.251 95.1865 5878.82
243.6 38.8247 100.073 85.338 7449.88
244.346 38.8455 92.6654 77.4219 7340.55
245.98 38.9551 100.546 70.3071 5368.01
248.828 38.9176 117.971 125.316 10699.5
249.867 39.1025 139.19 143.459 13001.1
247.723 38.2108 118.87 101.241 12034.9
248.517 38.2843 125.701 112.553 9063.62
249.289 38.4187 137.191 122.534 12292.7
243.405 37.923 128.677 114.422 9205.05
247.637 37.6761 134.897 116.074 9175.04
248.404 37.7222 144.469 124.727 13279
245.285 36.7256 179.597 139.625 5010.13
246.093 37.0195 180.039 132.074 3668.18
243.86 44.932 156.633 121.552 4915.11
243.601 44.991 160.174 124.49 7302.29
243.336 45.045 163.755 126.948 8355.51
242.966 45.164 171.812 132.877 9419.15
242.494 44.8448 164.673 127.365 10451.1
242.076 44.538 164.949 123.823 9796.01
240.241 39.3104 167.982 130.848 7450.2
241.363 42.4339 126.761 93.0065 12244.7
