242.895 32.8889 304.857 246.536 7948.41
245.42 32.5356 325.822 266.105 4090.66
246.233 32.7683 333.777 261.915 3814.75
247.117 32.7513 289.785 254.205 7523.3
247.772 32.7006 297.781 261.603 8352.11
248.296 32.5618 306.255 270.224 8947.03
239.616 49.048 327.638 269.95 8425.16
240.728 48.9534 310.714 257.052 11614.5
241.415 48.9752 307.641 254.147 11579.3
242.441 48.9813 305.093 249.546 7660.44
244.347 48.9339 302.24 246.585 6469.5
245.587 48.933 300.87 246.66 7170.12
246.578 48.9725 299.002 251.582 8949.28
247.267 48.9777 297.77 254.563 9960.39
248.403 48.9482 299.219 259.64 7743.18
249.301 48.9448 306.24 264.516 6728.85
250.154 48.9198 320.951 272.171 7871.17
242.566 34.5505 256.229 220.943 6718.81
236.405 44.4104 284.016 227.403 10193.8
241.17 35.1269 257.828 220.256 12796.8
238.516 48.5183 329.525 269.104 11548.3
239.88 48.4607 305.475 251.232 8147.73
240.667 48.3584 293.825 241.197 10123.5
241.851 48.4226 283.334 235.998 10682.1
242.775 48.2995 279.41 228.612 7007.93
243.633 48.4366 290.914 230.092 4456.46
244.411 48.4694 280.959 232.544 8781
245.532 48.3739 276.614 229.173 8598.48
247.438 48.3129 274.494 236.114 9698.39
248.293 48.4128 281.542 242.672 7217.59
249.201 48.2921 287.26 245.56 7786.3
250.223 48.3943 304.94 259.397 7917.2
243.079 34.2623 257.49 226.143 7065.74
239.64 39.8666 178.344 137.248 5829.46
244.002 34.0006 262.071 228.625 7307.35
242.341 34.2388 271.974 231.403 8255.97
242.779 40.4314 80.7771 59.8113 9909.56
242.694 44.8525 161.089 125.726 11122.9
248.37 45.597 185.921 163.863 6340.52
250.442 42.7667 148.111 143.706 10030.1
238.311 47.6947 311.315 251.873 10982.3
239.106 47.923 302.783 247.09 12260.8
239.939 47.6902 281.594 230.536 8047.06
240.955 47.7849 273.244 222.994 10030.1
241.726 47.8006 265.432 218.458 9544.5
242.692 47.8192 265.054 214.075 6182.67
245.426 47.6795 250.919 207.501 9065.48
246.253 47.7687 252.136 212.927 9877.67
247.393 47.775 252.692 219.428 8049.44
248.254 47.8012 261.696 224.366 7081.04
241.585 33.4019 302.777 261.804 3863.88
239.613 38.0345 206.51 167.597 4893.56
236.695 44.5855 280.896 223.575 9900.36
241.92 36.4399 203.6 174.766 9981.96
237.197 47.1109 320.192 257.506 7576.21
238.011 47.1881 304.421 245.525 10990.3
239.156 47.1935 284.161 228.136 11005.6
240.027 47.1936 268.292 218.028 8585.39
241.079 47.0573 251.941 202.103 8765.9
241.691 47.0615 241.96 197.201 10576.4
242.724 47.0547 236.866 191.369 7826.77
243.665 47.0477 235.523 187.848 5467.45
245.541 47.0943 226.908 189.912 10166.8
249.313 47.1523 253.311 216.998 8101.4
244.619 34.6375 239.168 206.191 6678.57
241.666 34.2535 285.3 236.988 6925.53
243.899 32.6591 310.515 268.593 6544.22
236.437 46.5459 317.472 258.513 12636.1
239.021 46.5433 270.166 215.472 7275.71
240.145 46.5585 253.513 200.066 9380.97
240.94 46.4911 238.796 188.559 8296.98
241.854 46.5139 225.75 180.78 11157.2
242.89 46.485 219.05 173.731 6547.81
243.791 46.3559 216.81 165.689 4710.15
245.812 46.4423 197.068 170.651 9195.37
247.359 46.4246 203.708 177.527 7195.27
248.324 46.5336 219.068 189.143 9204.65
242.006 34.8811 256.047 216.113 7260.49
250.245 48.024 294.091 249.84 8079.87
236.441 45.9306 307.228 247.889 13737.6
237.581 45.9325 279.786 225.809 12304
239.218 45.7664 244.672 194.009 8866.17
240.072 45.8951 234.52 184.659 8648.54
241.223 45.7971 215.096 167.553 9878.6
242.091 45.7087 195.705 155.46 9285.13
242.772 45.9734 200.748 158.2 8031.97
248.374 45.7843 192.194 169.084 5945.53
250.284 45.9046 213.47 199.479 6576.18
236.363 45.0404 295.421 236.395 11104.3
237.539 44.407 256.728 203.085 10023.8
237.937 47.8634 320.706 260.593 8360.77
237.354 47.8872 334.445 271.64 7757.42
237.421 47.4009 322.482 259.624 7620.57
237.148 46.6619 302.432 247.938 10702.2
236.824 46.0753 299.689 242.631 11483.7
236.784 45.8811 298.227 240.393 11535.5
237.541 45.7151 276.877 222.916 12259.6
236.711 45.296 288.24 232.695 10730.2
236.927 44.8384 277.685 222.01 10130.7
236.98 44.1399 264.673 211.065 9009.25
237.553 43.7824 246.777 194.793 11389.6
236.651 43.6971 268.133 213.239 12852.7
236.193 43.5362 281.075 221.965 12933.5
235.94 42.9094 282.726 222.268 11804.3
236.628 42.7859 260.236 206.273 13028.2
235.934 42.5575 280.212 223.209 13332.5
237.173 42.2556 239.886 190.204 10619
241.706 33.7126 296.468 251.496 5104.99
243.137 36.4672 188.152 158.814 9191.41
237.522 45.2059 268.715 214.869 12112.8
238.683 45.2422 243.502 193.448 11183.6
239.365 45.2357 229.424 181.25 10724.7
240.331 45.2664 211.122 165.612 11420.3
241.04 45.2904 202.047 156.951 11681.8
242.22 45.2781 180.541 142.412 11014.2
242.88 45.2925 176.984 137.008 8420.89
243.732 45.3997 175.199 136.682 7252.68
250.437 45.3171 202.876 188.614 8239.09
245.173 33.0515 311.304 250.988 4343.43
244.34 34.7846 233.959 203.303 6405.16
242.634 36.9961 174.992 148.783 11139.1
237.814 44.6837 255.521 201.31 11209.8
239.665 44.7344 210.952 166.277 12457.1
240.435 44.5913 191.286 150.202 12012.4
241.33 44.5191 171.632 134.083 10749.7
242.336 44.6653 161.774 123.865 10445.2
243.253 44.589 146.938 114.071 9439.71
243.987 44.7035 146.539 113.179 6908.5
247.356 44.6173 144.566 124.896 8080.42
240.467 46.3925 244.421 191.383 9236.59
243.665 34.8294 233.268 204.538 7259.08
237.043 42.6071 247.506 195.66 11241.4
239.789 43.9437 195.341 149.807 10351.9
240.496 44.082 180.293 138.766 12872.2
241.431 43.9104 155.949 118.267 11937.1
242.259 43.9733 138.815 106.892 10483
243.197 44.086 137.553 99.5378 9043.96
244.042 43.9121 118.092 110.66 6365.35
244.867 43.7945 110.432 104.717 4570.18
248.513 43.8756 128.64 100.047 6826.7
249.424 43.92 148.095 139.207 8474.74
250.183 43.7013 156.674 128.217 6575.34
244.855 34.1574 260.185 219.525 4630.63
241.526 35.6628 234.584 200.359 10280.4
254.387 39.7997 255.147 221.445 14911.6
239.847 43.2515 178.083 137.286 11912.8
240.689 43.3736 161.026 121.926 10185
241.526 43.358 142.62 105.543 12042.8
242.246 43.3471 126.594 93.1163 11538
243.233 43.4275 108.673 102.052 11167.3
244.172 43.4151 100.575 94.3928 6836.96
247.567 43.3998 102.191 94.8469 5299.25
249.98 43.2112 144.453 138.303 9771.22
239.107 42.7258 193.32 147.711 12279.7
240.753 42.6912 147.551 110.115 11363.1
241.514 42.7308 129.141 94.2692 12693.1
242.275 42.6996 108.469 78.7131 12413.5
243.13 42.7779 93.3248 87.9293 11433.1
243.968 42.7713 81.0537 76.3738 8219.57
249.08 42.7507 110.909 112.873 11118.4
249.958 42.6372 131.71 130.973 10269.2
251.153 42.8247 164.751 160.223 11576.1
251.658 42.6579 174.757 170.55 12254.8
240.66 42.0187 145.076 105.681 10932.8
241.656 42.1901 116.538 83.4568 11962.6
242.333 42.0192 96.3711 67.5802 12337.4
243.529 42.0773 73.6954 65.3844 8863.25
244.246 42.1669 60.3349 55.0386 8655.33
249.127 42.0995 100.66 84.9877 13693.5
249.964 41.9243 124.786 125.789 10263.9
250.643 42.1012 145.434 143.752 11728.8
251.66 42.0073 173.675 167.151 14271
252.63 41.9641 205.144 191.047 7419.49
253.566 42.031 233.284 214.735 9023.92
253.777 46.6885 295.318 271.601 7821.58
240.934 34.1082 294.868 250.995 11082
240.829 41.3884 140.363 98.9576 9677.44
241.621 41.4483 111.447 79.7209 10216.7
242.55 41.423 86.3039 80.4298 9797.47
243.46 41.522 71.9932 36.2319 7036.05
249.334 41.4729 105.192 109.777 12887.6
249.933 41.4272 124.048 124.495 10303.7
250.843 41.5047 146.273 124.933 7914.78
251.814 41.4906 178.724 171.647 9612.94
252.637 41.6067 204.542 191.918 9708.04
253.404 41.4033 226.28 210.866 10518.2
236.17 44.0035 286.062 227.151 12662.8
237.12 38.1448 262.891 215.076 6507.71
236.597 41.7752 259.184 204.146 14133.5
237.663 41.6898 225.422 176.146 10268
236.119 41.702 274.633 214.961 14443.7
236.486 41.355 260.408 206.434 12445.5
237.948 41.526 217.336 169.853 9234.63
238.305 41.342 208.262 160.84 8451.98
236.695 40.222 260.372 204.537 14403.6
237.274 41.086 234.602 187.272 10032.8
237.538 40.9591 224.592 181.035 7930.56
238.63 41.056 198.424 152.769 8481.07
237.502 40.104 236.1 184.498 5792.6
237.082 40.764 242.032 192.412 10222.2
238.104 41.006 210.592 166.707 8093.49
238.316 40.81 204.455 162.338 8607.03
237.913 40.577 217.448 172.078 9669.75
238.978 40.729 186.044 146.273 11400.5
238.198 40.295 210.228 167.35 10860.1
236.845 40.453 251.812 198.485 11370
236.859 41.142 248.77 198.557 10219.8
236.435 40.843 263.473 208.213 12942
236.053 40.722 273.177 217.779 9931.98
236.141 40.5907 271.588 215.695 10608.7
236.198 40.483 268.838 214.267 11245.4
235.873 40.483 278.472 242.175 6874.09
236.252 40.483 268.407 213.001 11712.7
236.346 40.285 269.742 211.24 12435.7
236.497 40.101 270.555 209.912 12884.8
236.406 40.1882 272.003 210.905 12203.1
236.727 39.7145 258.883 208.319 9490.22
236.825 39.5703 257.569 206.697 8767.16
236.813 39.4928 257.631 207.627 7568.24
237.04 39.4666 255.943 223.595 6120.83
237.032 39.196 249.952 204.509 5404.52
237.189 39.1124 246.14 200.648 4334.3
236.281 39.8633 269.33 217.244 11815.5
236.525 39.622 260.947 213.182 10185.4
236.622 39.0132 271.856 215.783 5091.72
237.704 39.532 226.715 183.676 4226.14
237.478 39.3154 238.502 189.679 4963.11
237.845 39.2751 230.045 183.095 6540.76
237.858 39.0049 231.027 184.038 5213.82
239.398 40.3453 178.282 138.203 7950.9
238.828 40.1096 191.879 153.134 8161.19
238.473 39.719 209.89 163.963 5759.58
239.603 40.1808 173.118 133.141 7499.74
239.812 40.025 167.861 129.668 9221.62
239.359 40.0112 179.32 141.271 7904.71
239.286 39.8043 185.447 144.907 8223.98
238.837 39.3837 203.978 160.232 7316.87
239.775 39.6502 176.076 135.099 6240.17
239.959 39.4725 172.756 133.601 8172.63
239.845 39.0516 187.513 143.191 7327.65
243.578 32.892 302.191 264.695 6849.24
242.511 36.058 209.845 177.543 10987.6
242.805 33.6 282.028 226.155 7660.16
251.501 37.2103 215.096 189.183 14158
240.165 40.7484 154.895 116.855 7284.41
241.029 40.7797 132.93 95.5388 7620.95
241.866 40.7811 107.37 75.7548 9322.34
242.476 40.852 84.3088 83.5207 9413.38
249.167 40.9425 94.0094 106.641 9330.99
250.327 40.9763 136.098 136.822 13023.4
250.823 40.8936 149.324 148.82 13736.9
251.737 40.8338 175.721 171.422 13431.8
252.48 40.76 198.421 189.513 13504.9
253.546 40.8023 230.406 217.341 14127.1
242.877 48.2642 279.146 226.979 6349.36
240.173 40.165 157.566 119.939 7161.96
241.123 40.1614 130.551 98.6059 6837.26
241.845 40.2903 108.898 80.5625 8073.06
242.81 40.1697 85.8225 62.7502 9317.73
250.876 40.2982 151.5 153.714 10181.4
251.758 40.1348 178.115 176.677 11878
252.53 40.2149 199.556 194.507 14352.5
241.276 34.6145 275.835 233.36 12700.7
240.102 39.6785 161.557 127.768 7037.15
241.92 39.6946 124.527 88.576 7610.44
249.26 39.473 118.88 124.66 10858.8
249.754 39.6279 130.842 112.173 11829.9
251.019 39.6333 161.496 162.708 13375.8
251.609 39.4998 180.093 178.056 15092.2
252.551 39.524 207.158 179.663 12604.4
241.815 34.1714 282.664 237.736 7300.61
245.858 34.3034 284.76 214.035 4321.21
243.541 33.6117 280.081 242.372 42032.9
242.818 38.834 114.251 95.1865 5878.82
243.6 38.8247 100.073 85.338 7449.88
244.346 38.8455 92.6654 77.4219 7340.55
245.98 38.9551 100.546 70.3071 5368.01
248.828 38.9176 117.971 125.316 10699.5
249.867 39.1025 139.19 143.459 13001.1
250.737 38.9553 165.948 142.84 12534.7
251.704 38.9541 189.138 164.386 14389.1
252.426 38.8347 210.206 182.71 15322
253.09 38.8627 228.671 198.851 17001.7
247.723 38.2108 118.87 101.241 12034.9
248.517 38.2843 125.701 112.553 9063.62
249.289 38.4187 137.191 122.534 12292.7
250.106 38.3862 157.626 138.207 12968.7
250.739 38.2916 175.274 152.993 12229.7
251.621 38.1888 201.516 173.945 12067.8
252.45 38.3685 217.948 189.824 13679.9
253.244 38.2289 241.376 210.857 15624.6
240.756 36.3052 224.539 192.486 6427.89
250.733 45.1221 205.744 188.792 8574.47
255.964 44.1212 304.219 279.339 1583.52
243.405 37.923 128.677 114.422 9205.05
247.637 37.6761 134.897 116.074 9175.04
248.404 37.7222 144.469 124.727 13279
249.198 37.6354 159.641 139.04 9148.32
250.005 37.6903 171.786 151.247 12433.1
250.863 37.7459 189.484 165.535 13843.4
241.453 32.9799 317.27 275.675 4588.61
240.365 33.9954 307.339 260.415 11690.6
254.499 37.7456 284.108 247.759 14354.7
240.476 33.2479 328.189 279.068 8962.26
244.2 32.9451 300.026 258.185 5959.94
245.285 36.7256 179.597 139.625 5010.13
246.093 37.0195 180.039 132.074 3668.18
247.618 37.0183 152.577 134.332 7474.42
248.494 36.9839 170.633 145.834 13389.8
249.196 36.9969 179.695 154.804 11197.2
250.126 37.1364 187.519 165.93 12309.3
250.975 36.8299 213.147 187.895 13215.2
253.097 37.0138 262.945 227.449 12132
241.77 37.0542 186.978 158.94 7664.44
236 44.6764 301.328 239.157 12105.8
244.076 35.4358 210.566 184.087 8070.23
245.461 36.4321 194.78 147.762 4431.13
248.87 36.1428 201.751 173.532 12861.7
249.338 36.5996 193.303 167.087 12657.2
250.13 36.4199 211.433 183.801 12475.4
250.792 36.2925 225.325 197.753 13604.5
251.48 36.3758 236.074 207.608 14675.8
245.149 35.7266 213.352 170.39 5075
246.895 35.6339 190.303 169.165 9592.22
247.827 35.8191 191.148 171.099 7041.56
249.206 35.6218 223.347 192.411 12136.4
250.067 35.7113 234.904 201.52 14186.5
250.954 35.7147 245.304 214.401 12665.9
251.534 35.7992 253.404 222.204 14841
252.362 35.8054 270.146 236.686 15573.5
240.915 35.8409 237.041 203.841 9118.48
243.86 44.932 156.633 121.552 4915.11
243.601 44.991 160.174 124.49 7302.29
243.336 45.045 163.755 126.948 8355.51
242.966 45.164 171.812 132.877 9419.15
242.641 45.427 182.902 143.264 9123.83
242.193 45.504 188.955 148.952 10852.8
242.319 45.64 192.933 151.114 8808.87
242.452 45.805 196.847 156.322 7032.44
245.13 35.301 226.599 183.753 5739.11
242.536 45.953 202.168 159.982 8691.3
246.115 35.099 203.645 179.701 8050.38
246.917 35.2127 205.893 182.02 10437.7
242.501 46.269 212.348 169.75 9061.6
247.733 35.1787 210.985 190.011 7472.32
248.468 35.0951 227.532 199.616 7833.86
242.356 46.512 221.76 177.969 10087
249.287 35.0789 241.15 208.795 11317
242.281 46.62 225.768 181.362 10468.7
250.264 35.1181 255.41 219.497 15523.9
250.612 35.1118 261.575 224.515 13744.8
242.494 44.8448 164.673 127.365 10451.1
251.5 35.1259 272.808 237.922 14735.1
242.076 44.538 164.949 123.823 9796.01
252.352 35.117 287.812 252.765 18039
253.133 35.0719 306.498 267.623 17566.9
240.241 39.3104 167.982 130.848 7450.2
237.459 40.5799 231.351 183.053 10134.3
248.626 35.5169 220.139 189.033 7482.32
241.363 42.4339 126.761 93.0065 12244.7
247.109 34.4692 233.191 204.795 10921.2
247.763 34.4866 239.819 210.925 7961.48
248.559 34.4178 246.997 220.167 6397.47
249.194 34.3371 262.386 229.727 12082.1
250.05 34.5293 268.6 233.384 14323.3
250.71 34.4275 282.406 244.223 14111.3
251.502 34.5421 293.049 253.13 14655.6
252.214 34.4457 306.609 266.892 13632.1
245.476 33.7503 285.963 230.34 4183.25
246.171 33.8142 247.385 218.895 4986.86
246.995 33.9383 250.428 219.622 7930.63
247.667 33.9535 257.087 225.223 8016.24
248.522 33.8798 305.015 243.328 4689.51
249.156 33.6953 285.883 248.408 8653.05
250.746 33.9571 297.397 257.779 15874.4
251.623 33.9085 315.706 271.635 14949.9
235.907 44.2982 296.44 235.858 11806.1
247.054 33.3627 267.566 236.074 9523.47
247.842 33.2893 279.53 246.049 8565.15
248.573 33.341 287.455 252.817 8297
249.528 33.2969 300.372 263.572 8195.77
249.964 33.0851 313.169 273.522 8442.28
