244.867 43.7945 103.308 104.089 74138.6
248.324 46.5336 225.403 207.81 113740
250.183 43.7013 178.929 154.117 111976
249.334 41.4729 132.381 117.221 132803
251.019 39.6333 193.974 173.799 92276.1
253.244 38.2289 266.387 236.605 139213
248.626 35.5169 241.514 213.437 84959.9
245.285 36.7256 175.291 159.947 87383.6
243.665 34.8294 245.719 228.702 46486.4
241.17 35.1269 259.196 243.814 76526.6
240.241 39.3104 171.328 153.56 55344.2
236.727 39.7145 277.105 244.605 27187
236.628 42.7859 263.719 238.695 133927
240.331 45.2664 206.454 191.628 70295.4
242.536 45.953 211.479 184.208 22575.5
