239.64 39.8666 143.443 117.065 4149.3
242.694 44.8525 132.147 106.81 6546.82
250.442 42.7667 133.815 147.122 4191.91
242.88 45.2925 143.555 116.712 6231.94
243.732 45.3997 141.929 113.922 4696.23
241.33 44.5191 141.66 115.005 8495.48
242.336 44.6653 130.713 105.776 7545.03
243.253 44.589 120.634 94.8207 5744.97
243.987 44.7035 120.625 93.1678 4444.32
240.496 44.082 145.519 119.211 9524.66
241.431 43.9104 125.46 100.737 9072
242.259 43.9733 117.046 89.9511 8499.65
244.042 43.9121 102.375 109.915 4284.07
244.867 43.7945 99.4786 102.4 1870.43
249.424 43.92 126.739 144.674 2899.36
239.847 43.2515 143.392 117.657 9682.97
240.689 43.3736 127.732 103.58 9677.63
241.526 43.358 114.511 88.2117 9851.36
242.246 43.3471 104.588 76.1739 8770.65
243.233 43.4275 93.6286 103.694 7002.77
244.172 43.4151 82.9498 93.5344 3985.69
249.98 43.2112 130.586 142.4 3794.06
240.753 42.6912 117.705 92.6235 9933.44
241.514 42.7308 105.375 77.9647 9854.68
242.275 42.6996 91.0702 62.3272 8525.56
243.13 42.7779 76.1511 88.7405 7888.46
243.968 42.7713 63.7148 76.718 7964.68
249.08 42.7507 108.61 118.451 3912.01
249.958 42.6372 125.931 135.043 4382.34
241.656 42.1901 96.7074 67.7322 8627.06
242.333 42.0192 77.7929 50.7725 7913.64
243.529 42.0773 50.2864 67.5396 11931.2
244.246 42.1669 42.2327 58.4995 10575.8
249.964 41.9243 117.836 130.348 5315.76
250.643 42.1012 133.128 145.65 5784.71
240.829 41.3884 109.494 81.5756 7774.93
242.55 41.423 67.8843 80.7562 8138.22
249.334 41.4729 106.414 115.564 6048.97
249.933 41.4272 117.066 128.59 6455.26
239.398 40.3453 144.338 116.696 5265.97
239.603 40.1808 137.662 113.215 5168.12
239.812 40.025 133.032 109.667 4888.79
239.775 39.6502 138.414 114.422 3841.07
239.959 39.4725 136.58 112.256 3587.91
240.165 40.7484 121.916 97.2938 6510.66
241.866 40.7811 90.4385 58.5915 4547.4
242.476 40.852 73.2523 83.7085 4223.14
249.167 40.9425 104.433 112.866 6807.57
250.327 40.9763 127.068 138.902 7994.49
250.823 40.8936 137.668 150.048 8324.09
240.173 40.165 125.351 100.712 4989.48
241.845 40.2903 96.1291 63.7854 3516.19
242.81 40.1697 76.375 42.8827 1929.69
247.531 40.2807 62.6201 81.1762 9234.6
248.498 40.2067 91.1763 103.035 8017.86
249.262 40.1948 111.261 120.783 8684.97
249.992 40.2655 125.86 136.327 8886.3
250.876 40.2982 144.299 154.624 8769.86
240.102 39.6785 134.253 107.282 3843.86
241.92 39.6946 105.22 70.4902 2442.4
247.721 39.5708 85.3947 57.4527 7789.35
249.26 39.473 117.75 129.724 10327.9
246.723 38.9882 82.4267 56.4583 5934.23
247.621 38.9995 96.3227 68.5356 7946.17
248.828 38.9176 119.327 131.072 10613.7
249.867 39.1025 132.279 146.582 10176.2
247.723 38.2108 115.275 89.9857 10661.1
248.517 38.2843 125.57 99.7813 11179.7
249.289 38.4187 133.808 108.333 10444.5
246.832 37.7601 115.666 91.887 6978.26
247.637 37.6761 126.629 102.337 9352.76
248.404 37.7222 137.121 110.653 10728.1
246.093 37.0195 132.079 107.875 4558.07
243.86 44.932 126.646 100.486 4524.11
243.601 44.991 130.333 103.723 4871.21
243.336 45.045 133.671 106.972 5744.41
242.966 45.164 138.895 112.645 6242.47
242.494 44.8448 133.372 108.606 6990.86
242.076 44.538 130.798 105.686 8055.38
241.363 42.4339 104.564 76.8314 9471.15
