244.867 43.7945 103.489 104.965 22860.9
248.324 46.5336 223.189 198.206 36129.2
250.183 43.7013 176.946 139.575 24184.6
249.334 41.4729 120.702 110.653 29100.2
251.019 39.6333 182.242 164.498 24647.9
253.244 38.2289 253.484 220.65 25827.9
248.626 35.5169 228.656 198.871 15226.4
245.285 36.7256 177.484 150.088 20083
243.665 34.8294 255.385 216.973 29600.7
241.17 35.1269 268.33 232.732 35653.2
240.241 39.3104 172.014 141.958 19915.1
236.727 39.7145 269.24 224.101 32662.3
236.628 42.7859 268.574 223.121 26440.9
240.331 45.2664 220.016 180.599 15378.9
242.536 45.953 198.109 171.015 26644.3
