245.42 32.5356 336.662 306.008 163085
246.233 32.7683 323.1 298.063 131335
247.117 32.7513 325.474 292.099 151612
247.772 32.7006
248.296 32.5618 336.321 304.029 73885
249.261 32.5716
250.03 32.6399
250.697 32.7663
251.367 32.5466
252.215 32.5324
252.999 32.6995
253.738 32.6349
254.546 32.7001
255.343 32.6588
255.98 32.6462
256.643 32.6764
247.189 31.9559
248.543 32.0022
249.184 31.7748
249.954 31.9737
250.741 31.9989
251.473 31.9041
252.222 32.0094
252.899 32.1046
253.572 32.0062
254.477 32.076
255.177 32.1101
255.899 32.0618
256.708 32.012
250.009 31.439
250.719 31.3757
251.472 31.3369
254.517 31.4425
255.029 31.3711
256.021 31.3165
256.508 31.3691
257.19 31.3818
255.014 30.7862
255.971 30.6689
256.598 30.8498
257.315 30.7263
255.91 30.0609
256.388 30.1456
257.212 30.1615
255.867 29.554
256.611 29.4528
257.112 29.4862
245.587 48.933 289.413 274.228 103793
246.578 48.9725 299.482 277.872 158050
247.267 48.9777 302.911 280.684 164487
248.403 48.9482 307.358 285.735 135342
249.301 48.9448 317.225 292.382 170733
250.154 48.9198 324.627 299.498 131264
251.257 48.9286
252.074 48.8799
253.075 48.9912
254.085 48.9926
255.121 48.9592
255.998 48.9239
276.343 42.3012
277.018 40.2319
264.138 48.2977
258.319 34.8837
253.543 34.9459
245.532 48.3739 269.515 254.139 62809
246.727 48.3609 276.355 257.209 146299
247.438 48.3129 281.9 259.731 155814
248.293 48.4128 288.338 267.728 118563
249.201 48.2921 293.532 271.093 148444
250.223 48.3943 307.175 284.028 111218
251.056 48.4551
251.979 48.4389
252.983 48.4278
254.004 48.3008
255.009 48.4643
284.014 42.1993
279.58 37.2113
248.37 45.597 195.67 179.196 104098
272.949 31.1687
261.044 44.443
250.442 42.7667 177.044 156.559 159285
245.426 47.6795 244.637 230.165 73095.5
246.253 47.7687 252.398 235.282 127786
247.393 47.775 262.841 242.102 123798
248.254 47.8012 268.28 248.038 134877
249.237 47.6327 271.66 251.035 112471
250.951 47.7343
251.996 47.7133
252.904 47.8264
254.116 47.7456
254.816 47.8026
255.575 47.5302
260.263 38.814
282.627 38.2046
268.755 38.0557
282.11 35.2393
270.863 46.1003
245.541 47.0943 225.746 210.134 92827.6
246.494 47.0816 230.589 213.076 147152
247.48 47.0418 236.071 217.694 122461
248.451 47.0308 243.588 225.369 121933
249.313 47.1523 257.35 237.173 111797
250.198 47.1961 274.507 250.567 108343
251.12 47.1646
251.864 47.0911
253.006 47.0658
253.82 47.1498
254.793 47.173
255.673 47.1152
255.804 48.4702
247.187 40.195 75.1925 67.8667 142912
278.567 28.1103
245.812 46.4423 202.69 187.816 109316
246.507 46.4162 204.95 190.354 105999
247.359 46.4246 213.78 196.201 124698
248.324 46.5336 225.403 207.81 113740
249.142 46.462 235.673 215.111 109546
250.086 46.5663 252.361 230.627 120816
251.214 46.4611
251.87 46.5038
252.924 46.5408
263.386 43.7337
250.245 48.024 294.866 273.403 76993.4
280.011 42.1175
268.505 47.9462
245.668 45.7893 178.819 165.118 119939
246.63 45.8122 184.121 170.271 112813
247.507 45.8409 192.963 178.02 112499
248.374 45.7843 201.555 184.849 110719
249.341 45.9054 220.901 201.449 102003
250.284 45.9046 233.508 213.481 76628.6
251.056 45.8538
251.851 45.8006
252.877 45.8231
245.767 45.0931 153.232 141.353 108451
246.54 45.2432 162.63 150.158 113994
247.511 45.166 170.144 156.206 105930
248.195 45.2285 182.372 165.98 92717.5
249.26 45.3212 200.104 183.121 94312.4
250.437 45.3171 222.494 204.615 40166.3
251.786 45.2202
252.793 45.225
245.173 33.0515 315.552 287.806 149287
275.383 44.8245
276.533 33.4112
245.145 44.5494 132.546 121.221 92051.7
245.745 44.5642 132.933 122.531 89397.4
246.633 44.6165 140.852 129.439 105259
247.356 44.6173 149.878 137.083 96204.9
248.752 44.7038 175.042 158.531 108082
249.424 44.3951
250.336 44.6769
251.014 44.6704
252.001 44.4868
252.958 44.6277
253.648 44.5943
270.706 40.5559
264.162 29.9618
245.586 43.5625 94.205 86.4605 95671
288.442 42.5064
245.883 43.9146 109.447 100.094 88176.2
246.548 43.9286 116.344 106.007 92166.5
247.515 43.9997 132.845 119.591 88315.8
248.513 43.8756 144.385 121.735 60777.9
249.424 43.92 164.111 150.471 84506.4
250.183 43.7013 178.929 154.117 111976
251.006 44.0363
251.872 43.9496
252.708 43.8122
253.516 43.8924
254.387 39.7997 298.071 252.095 124938
245.826 43.3979 89.3007 82.0784 91168
246.482 43.3234 94.7275 85.6505 84175.3
247.567 43.3998 113.411 103.156 61878.6
248.388 43.2741 128.08 115.55 111479
249.288 43.3629 151 137.418 56605.8
249.98 43.2112 169.424 151.772 162721
250.947 43.2649
251.916 43.3531
252.554 43.3459
253.521 43.4126
260.198 30.4794
269.752 42.9142
245.916 42.6493 64.0485 58.0046 76944.3
246.824 42.5452 74.6514 67.9485 62590.5
247.469 42.6852 91.1827 84.0015 114503
248.412 42.8321 119.372 107.927 133677
249.08 42.7507 134.383 121.737 128368
249.958 42.6372 158.797 141.627 174646
251.153 42.8247 195.806 173.703 140906
251.658 42.6579 208.742 185.718 138849
252.749 42.6332
253.476 42.6507
263.391 39.1009
262.107 27.5459
246.056 42.0886 46.9494 42.815 73197.7
246.76 42.0343 60.2835 55.167 88187.8
247.614 42.0041 81.8035 74.9107 138648
248.568 42.0149 109.882 99.1738 121245
249.127 42.0995 128.048 104.604 128601
249.964 41.9243 153.619 135.736 158286
250.643 42.1012 176.504 155.507 206688
251.66 42.0073 210.72 183.11 258263
252.63 41.9641 240.123 210.028 95572.3
253.566 42.031 272.537 235.887 255419
254.299 42.1143
255.067 42.0432
253.777 46.6885 319.579 295.166 33950.8
288.074 44.2401
285.417 44.6197
273.002 33.0348
256.333 29.3339
245.835 41.3602
246.653 41.503
247.552 41.4632
248.37 41.3146
249.334 41.4729 132.381 117.221 132803
249.933 41.4272 152.926 133.743 178649
250.843 41.5047 180.401 148.733 128536
251.814 41.4906 209.076 186.241 120536
252.637 41.6067 256.592 213.649 89484.6
253.404 41.4033 262.668 229.71 209935
254.278 41.468
255.175 41.4676
280.154 39.6581
260.397 47.8481
266.423 34.5454
254.618 31.6985
246.059 46.8292 217.676 202.034 79726.4
257.228 33.9696
251.501 37.2103 245.241 215.187 161042
245.796 40.8556 26.1181 23.9125 128479
246.813 40.8513
247.48 40.8903 73.8018 66.6542 139091
248.563 40.8869
249.167 40.9425
250.327 40.9763 167.107 145.549 235491
250.823 40.8936 181.441 158.544 140175
251.737 40.8338 214.605 184.015 215016
252.48 40.76 237.752 204.833 132270
253.546 40.8023 258.044 232.736 71697.1
254.056 40.8947
255.118 40.8271
255.913 40.8132
265.339 31.7598
245.401 34.8249
245.381 34.7676 247.365 227.989 86136.9
279.822 33.1067
245.255 40.2679 36.2952 34.6222 59223.8
246.019 40.1314
247.531 40.2807
248.498 40.2067
249.262 40.1948
249.992 40.2655
250.876 40.2982 181.64 164.269 84557.8
251.758 40.1348 222.233 189.964 162408
252.53 40.2149 247.626 211.969 42322.4
253.453 40.1618
254.082 40.2109
254.927 40.1227
255.88 40.1129
257.967 40.9451
270.591 34.5118
245.984 39.455 72.5686 67.2552 76177
246.931 39.5906 83.8311 76.3682 107371
247.721 39.5708
248.34 39.6092 118.371 106.909 165430
249.26 39.473
249.754 39.6279 155.13 131.419 110002
251.019 39.6333 193.974 173.799 92276.1
251.609 39.4998 211.245 190.554 90619.8
252.551 39.524 246.247 206.856 223889
253.241 39.5952
254.161 39.3741
255.092 39.5144
255.832 39.5125
286.092 41.0056
245.858 34.3034 265.25 244.581 126133
290.708 45.2644
245.17 39.04 85.345 78.1347 69927.1
245.98 38.9551 91.0054 83.484 65233
246.723 38.9882
247.621 38.9995
248.828 38.9176 146.284 131.86 126959
249.867 39.1025 167.218 151.61 199219
250.737 38.9553 192.818 165.322 172338
251.704 38.9541 218.375 188.679 153698
252.426 38.8347 241.919 208.584 188604
253.09 38.8627 258.275 226.559 142799
254.166 38.9045
254.851 38.9641
255.753 38.9145
245.392 38.3281 113.537 103.805 82189.5
246.031 38.1802 118.094 110.333 89375.5
246.979 38.2987 124.198 115.237 93897.4
247.723 38.2108
248.517 38.2843
249.289 38.4187 167.311 142.434 84524.6
250.106 38.3862 185.758 159.582 136733
250.739 38.2916 203.803 175.693 168618
251.621 38.1888 228.791 198.897 244217
252.45 38.3685 244.034 214.834 149962
253.244 38.2289 266.387 236.605 139213
254.893 38.2315
255.717 38.1474
250.733 45.1221 232.102 208.239 41422.6
255.964 44.1212 356.231 309.091 17018.7
245.151 37.6083 142.285 129.326 65080.9
246.14 37.5808 142.024 132.243 84878.3
246.832 37.7601
247.637 37.6761 158.135 135.212 92912
248.404 37.7222 168.427 145.352 90572.1
249.198 37.6354 186.079 160.583 101319
250.005 37.6903 200.903 173.287 114384
250.863 37.7459 216.988 189.563 127215
251.639 37.83
252.208 37.662
253.171 37.7461
253.998 37.7059
254.787 37.6407
255.565 37.6606
254.945 34.5715
255.734 34.5145
254.312 34.1838
254.53 34.1567
254.999 34.1517
255.333 34.1937
255.704 34.2323
256.088 34.2148
256.473 34.2135
254.23 33.9682
254.975 33.8308
255.696 33.8903
256.455 33.893
257.159 33.8774
254.406 33.6042
254.835 33.5975
255.672 33.5995
256.452 33.5806
256.882 33.5044
257.179 33.5385
257.508 33.5662
254.329 33.3102
255.659 33.259
256.402 33.1939
257.166 33.2334
254.184 32.9513
254.485 32.9369
254.82 33.0053
255.381 32.937
255.66 32.9288
256.155 33.0286
256.46 32.9317
256.794 32.9833
257.139 32.8728
257.463 32.9426
254.053 32.7572
254.845 32.6337
255.639 32.654
256.374 32.629
257.095 32.6899
253.936 32.443
254.828 32.3673
255.173 32.488
255.681 32.3766
255.96 32.2837
256.327 32.1712
256.601 32.3554
257.149 32.3691
257.452 32.2888
254.852 31.9694
255.512 32.0937
256.309 31.9895
257.063 32.0119
255.154 31.8029
255.574 31.6996
255.982 31.727
256.264 31.6679
256.605 31.7051
257.23 31.8027
257.412 31.6905
256.263 31.3663
256.365 31.1096
257.013 30.9611
257.323 31.0024
254.048 31.8742
266.785 41.9069
254.499 37.7456 311.404 277.612 81422.1
272.903 40.379
174.103 52.7308
267.196 45.2246
282.112 40.6358
245.285 36.7256 175.291 159.947 87383.6
246.093 37.0195 162.924 151.397 63677.3
246.916 37.0615 169.752 155.651 56414.2
247.618 37.0183 180.273 155.025 89765.9
248.494 36.9839 196.832 168.746 148884
249.196 36.9969 203.918 178.843 108285
250.126 37.1364 217.667 189.572 110616
250.975 36.8299 241.971 213.137 104047
252.466 36.9914
253.097 37.0138 285.766 255.896 135809
253.963 37.0361
254.948 37.0738
255.589 37.1388
249.215 32.3098
276.451 36.5439
245.461 36.4321 187.357 170.402 83108.5
246.035 36.4151 187.03 172.348 106498
246.82 36.4182 190.37 175.897 103555
247.708 36.428
248.87 36.1428 229.067 199.128 119924
249.338 36.5996 219.784 192.512 170808
250.13 36.4199 235.766 209.611 84188.6
250.792 36.2925 252.777 222.937 111210
251.48 36.3758 265.356 234.67 119307
252.342 36.4277
253.145 36.3773
253.808 36.3289
254.722 36.4093
255.592 36.3998
256.256 36.3945
245.149 35.7266 212.543 195.117 102109
246.016 35.8522
246.895 35.6339 216.264 192.345 78004
247.827 35.8191 219.241 193.976 53233.1
249.206 35.6218 250.553 219.642 140160
250.067 35.7113 260.654 229.76 161172
250.954 35.7147 269.537 241.401 59874.6
251.534 35.7992 282.672 250.279 131264
252.362 35.8054 301.263 267.201 153186
253.091 35.9138
253.817 35.7452
254.728 35.7259
255.384 35.8383
256.214 35.7964
269.482 32.2185
245.13 35.301 229.417 209.905 114978
246.115 35.099 233.523 207.935 131742
246.917 35.2127 232.142 206.848 114258
247.733 35.1787 239.977 213.506 96914.7
248.468 35.0951 252.187 224.88 64768.2
249.287 35.0789 267.177 236.192 113128
250.264 35.1181 282.388 249.862 184075
250.612 35.1118 287.981 255.295 210052
251.5 35.1259 295.567 267.858 76004.4
252.352 35.117 318.912 283.541 124081
253.133 35.0719 339.796 301.621 212976
253.85 35.1605
254.592 35.2106
255.539 35.2177
256.234 35.0891
256.937 35.0637
273.706 38.2289
261.219 34.7379
248.626 35.5169 241.514 213.437 84959.9
272.17 36.1297
246.17 34.5935
247.109 34.4692 261.252 233.374 91576.3
247.763 34.4866 261.648 236.206 49357.7
248.559 34.4178 277.102 247.673 102787
249.194 34.3371 285.564 256.836 74689.7
250.05 34.5293 297.754 263.68 206996
250.71 34.4275 311.077 276.806 226955
251.502 34.5421 316.821 285.155 87501.1
252.214 34.4457 329.442 299.244 90310.8
252.99 34.5058
253.812 34.581
254.565 34.5646
255.338 34.5271
256.19 34.5508
256.903 34.6469
245.476 33.7503 287.58 263.468 91343.4
246.171 33.8142 284.088 251.86 141425
246.995 33.9383 281.447 251.345 136053
247.667 33.9535 280.141 253.279 73296.8
248.522 33.8798 293.258 273.418 92694.6
249.156 33.6953 306.244 276.859 96283.9
249.966 33.7776
250.746 33.9571 326.801 291.214 208619
251.623 33.9085 341.392 306.028 211092
252.326 34.0087
253.035 33.937
253.079 34.0741
253.079 34.0739
253.945 33.9315
254.564 33.9257
255.307 33.9229
256.175 33.9232
256.837 33.8839
246.343 33.1999 307.5 283.659 145146
247.054 33.3627 303.263 270.866 131972
247.842 33.2893 306.516 276.766 95263.2
248.573 33.341 308.637 281.093 73105.3
249.528 33.2969 324.473 293.998 102492
249.964 33.0851 336.704 305.623 34324.8
250.734 33.2921
251.408 33.1132
252.329 33.3086
253.036 33.2555
253.768 33.2621
254.635 33.3298
255.283 33.2797
256.02 33.2716
256.785 33.315
